59195.658406 8471235900.000000 1.250554 8049
59195.658522 8471235900.000000 1.473412 8049
59195.658638 8471235900.000000 1.210972 8049
59195.658753 8471236000.000000 1.248338 8049
59195.658869 8471236000.000000 1.463488 8049
59195.658985 8471236000.000000 1.202688 8049
59195.659101 8471236100.000000 1.256096 8049
59195.659216 8471236100.000000 1.443402 8049
59195.659332 8471236100.000000 1.178762 8049
59195.659448 8471236200.000000 1.249513 8049
59195.659563 8471236200.000000 1.429610 8049
59195.659679 8471236200.000000 1.137638 8049
59195.659795 8471236300.000000 1.260974 8049
59195.659911 8471236300.000000 1.407073 8049
59195.660026 8471236300.000000 1.092358 8049
59195.660142 8471236400.000000 1.285754 8049
59195.660258 8471236400.000000 1.563784 8049
59195.660374 8471236400.000000 1.127676 8049
59195.660489 8471236500.000000 1.422718 8049
59195.660605 8471236500.000000 1.472714 8049
59195.660721 8471236500.000000 0.972010 8049
59195.660837 8471236600.000000 1.305888 8049
59195.660952 8471236600.000000 1.426978 8049
59195.661068 8471236700.000000 1.051292 8049
59195.661184 8471236700.000000 1.425301 8049
59195.661300 8471236700.000000 1.319288 8049
59195.661415 8471236800.000000 1.053958 8049
59195.661531 8471236800.000000 1.292377 8049
59195.661647 8471236800.000000 1.120652 8049
59195.661763 8471236900.000000 1.050604 8049
59195.661878 8471236900.000000 1.252202 8049
59195.661994 8471236900.000000 1.001495 8049
59195.662110 8471237000.000000 1.102261 8049
59195.662225 8471237000.000000 1.207712 8049
59195.662341 8471237000.000000 0.881009 8049
59195.662457 8471237100.000000 1.137783 8049
59195.662573 8471237100.000000 1.126861 8049
59195.662688 8471237200.000000 0.831599 8049
59195.662804 8471237200.000000 1.144752 8049
59195.662920 8471237200.000000 1.115098 8049
59195.663036 8471237300.000000 1.011366 8049
59195.663151 8471237300.000000 1.233881 8049
59195.663267 8471237300.000000 0.978001 8049
59195.663383 8471237400.000000 1.053130 8049
59195.663499 8471237400.000000 1.066936 8049
59195.663614 8471237400.000000 0.744907 8049
59195.663730 8471237500.000000 1.017490 8049
59195.663846 8471237500.000000 0.963363 8049
59195.663962 8471237600.000000 0.791688 8049
59195.664077 8471237600.000000 1.017057 8049
59195.664193 8471237600.000000 0.826255 8049
59195.664309 8471237700.000000 0.860846 8049
59195.664425 8471237700.000000 0.951151 8049
59195.664540 8471237700.000000 0.668979 8049
59195.664656 8471237800.000000 0.910655 8049
59195.664772 8471237800.000000 0.851133 8049
59195.664888 8471237900.000000 0.728846 8049
59195.665003 8471237900.000000 0.900776 8049
59195.665119 8471237900.000000 0.702739 8049
59195.665235 8471238000.000000 0.789879 8049
59195.665351 8471238000.000000 0.830313 8049
59195.665466 8471238100.000000 0.610581 8049
59195.665582 8471238100.000000 0.797870 8049
59195.665698 8471238100.000000 0.698090 8049
59195.665813 8471238200.000000 0.698163 8049
59195.665929 8471238200.000000 0.762169 8049
59195.666045 8471238200.000000 0.539619 8049
59195.666161 8471238300.000000 0.737127 8049
59195.666276 8471238300.000000 0.656340 8049
59195.666392 8471238400.000000 0.608351 8049
59195.666508 8471238400.000000 0.697506 8049
59195.666624 8471238400.000000 0.511664 8049
59195.666739 8471238500.000000 0.669711 8049
59195.666855 8471238500.000000 0.611298 8049
59195.666971 8471238600.000000 0.610060 8049
59195.667087 8471238600.000000 0.696553 8049
59195.667202 8471238600.000000 0.502957 8049
59195.667318 8471238700.000000 0.643266 8049
59195.667434 8471238700.000000 0.556234 8049
59195.667550 8471238800.000000 0.548280 8049
59195.667665 8471238800.000000 0.623619 8049
59195.667781 8471238800.000000 0.439691 8049
59195.667897 8471238900.000000 0.588354 8049
59195.668013 8471238900.000000 0.500283 8049
59195.668128 8471239000.000000 0.457997 8049
59195.668244 8471239000.000000 0.499245 8049
59195.668360 8471239100.000000 0.362845 8049
59195.668475 8471239100.000000 0.486158 8049
59195.668591 8471239100.000000 0.402759 8049
59195.668707 8471239200.000000 0.434261 8049
59195.668823 8471239200.000000 0.433135 8049
59195.668938 8471239300.000000 0.353518 8049
59195.669054 8471239300.000000 0.486993 8049
59195.669170 8471239300.000000 0.344039 8049
59195.669286 8471239400.000000 0.438897 8049
59195.669401 8471239400.000000 0.389470 8049
59195.669517 8471239500.000000 0.346253 8049
59195.669633 8471239500.000000 0.370403 8049
59195.669749 8471239600.000000 0.279129 8049
59195.669864 8471239600.000000 0.360892 8049
59195.669980 8471239600.000000 0.274070 8049
59195.670096 8471239700.000000 0.332574 8049
59195.670212 8471239700.000000 0.302399 8049
59195.670327 8471239800.000000 0.288483 8049
59195.670443 8471239800.000000 0.312478 8049
59195.670559 8471239900.000000 0.237629 8049
59195.670675 8471239900.000000 0.318320 8049
59195.670790 8471239900.000000 0.235099 8049
59195.670906 8471240000.000000 0.290431 8049
59195.671022 8471240000.000000 0.251666 8049
59195.671138 8471240100.000000 0.256855 8049
59195.671253 8471240100.000000 0.294283 8049
59195.671369 8471240200.000000 0.236828 8049
59195.671485 8471240200.000000 0.288902 8049
59195.671601 8471240300.000000 0.196183 8049
59195.671716 8471240300.000000 0.257752 8049
59195.671832 8471240300.000000 0.192403 8049
59195.671948 8471240400.000000 0.227671 8049
59195.672063 8471240400.000000 0.205433 8049
59195.672179 8471240500.000000 0.210844 8049
59195.672295 8471240500.000000 0.207711 8049
59195.672411 8471240600.000000 0.179250 8049
59195.672526 8471240600.000000 0.203643 8049
59195.672642 8471240700.000000 0.151966 8049
59195.672758 8471240700.000000 0.196306 8049
59195.672874 8471240700.000000 0.140549 8049
59195.672989 8471240800.000000 0.185140 8049
59195.673105 8471240800.000000 0.136490 8049
59195.673221 8471240900.000000 0.166362 8049
59195.673337 8471240900.000000 0.138562 8049
59195.673452 8471241000.000000 0.149790 8049
59195.673568 8471241000.000000 0.102800 8049
59195.673915 8471241200.000000 0.074810 8049
59195.674031 8471241200.000000 0.205975 8049
59195.674147 8471241300.000000 0.157340 8049
59195.674263 8471241300.000000 0.142241 8049
59195.674378 8471241400.000000 0.110081 8049
59195.674494 8471241400.000000 0.326738 8049
59195.674610 8471241400.000000 0.422329 8049
59195.674726 8471241500.000000 0.614870 8049
59195.674841 8471241500.000000 0.156164 8049
59195.674957 8471241600.000000 0.132914 8049
59195.675073 8471241600.000000 0.447944 8049
59195.675188 8471241700.000000 0.773294 8049
59195.675304 8471241700.000000 0.628163 8049
59195.675420 8471241800.000000 0.820547 8049
59195.675536 8471241800.000000 0.712709 8049
59195.675651 8471241900.000000 0.825332 8049
59195.675767 8471241900.000000 0.715882 8049
59195.675883 8471242000.000000 0.766082 8049
59195.675999 8471242000.000000 0.645577 8049
59195.676114 8471242100.000000 0.702135 8049
59195.676230 8471242100.000000 0.615756 8049
59195.676346 8471242200.000000 0.677583 8049
59195.676462 8471242200.000000 0.613517 8049
59195.676577 8471242300.000000 0.656833 8049
59195.676693 8471242300.000000 0.588879 8049
59195.676809 8471242400.000000 0.638562 8049
59195.676925 8471242400.000000 0.560507 8049
59195.677040 8471242500.000000 0.604884 8049
59195.677156 8471242500.000000 0.539817 8049
59195.677272 8471242600.000000 0.590198 8049
59195.677388 8471242600.000000 0.511716 8049
59195.677503 8471242700.000000 0.587399 8049
59195.677619 8471242700.000000 0.475871 8049
59195.677735 8471242800.000000 0.564981 8049
59195.677850 8471242800.000000 0.445901 8049
59195.677966 8471242900.000000 0.548315 8049
59195.678082 8471242900.000000 0.414979 8049
59195.678198 8471243000.000000 0.581456 8049
59195.678313 8471243000.000000 0.407819 8049
59195.678429 8471243100.000000 0.544261 8049
59195.678545 8471243200.000000 0.389534 8049
59195.678661 8471243200.000000 0.478635 8049
59195.678776 8471243300.000000 0.367430 8049
59195.678892 8471243300.000000 0.448312 8049
59195.679008 8471243400.000000 0.381794 8049
59195.679124 8471243400.000000 0.424375 8049
59195.679239 8471243500.000000 0.376384 8049
59195.679355 8471243500.000000 0.394439 8049
59195.679471 8471243600.000000 0.391803 8049
59195.679587 8471243600.000000 0.355240 8049
59195.679702 8471243700.000000 0.394891 8049
59195.679818 8471243700.000000 0.316810 8049
59195.679934 8471243800.000000 0.389920 8049
59195.680050 8471243800.000000 0.271940 8049
59195.680165 8471243900.000000 0.376818 8049
59195.680281 8471244000.000000 0.282283 8049
59195.680397 8471244000.000000 0.345247 8049
59195.680513 8471244100.000000 0.295627 8049
59195.680628 8471244100.000000 0.311707 8049
59195.680744 8471244200.000000 0.299073 8049
59195.680860 8471244200.000000 0.265233 8049
59195.680976 8471244300.000000 0.303460 8049
59195.681091 8471244300.000000 0.220132 8049
59195.681207 8471244400.000000 0.290358 8049
59195.681323 8471244500.000000 0.470074 8049
59195.681438 8471244500.000000 0.582396 8049
59195.681554 8471244600.000000 0.832682 8049
59195.681670 8471244600.000000 0.853406 8049
59195.681786 8471244700.000000 0.915454 8049
59195.681901 8471244700.000000 0.738939 8049
59195.682017 8471244800.000000 0.906935 8049
59195.682133 8471244900.000000 0.681264 8049
59195.682249 8471244900.000000 0.869817 8049
59195.682364 8471245000.000000 0.778238 8049
59195.682480 8471245000.000000 0.777894 8049
59195.682596 8471245100.000000 0.844275 8049
59195.682712 8471245100.000000 0.623084 8049
59195.682827 8471245200.000000 0.822793 8049
59195.682943 8471245300.000000 0.659461 8049
59195.683059 8471245300.000000 0.752612 8049
59195.683175 8471245400.000000 0.753717 8049
59195.683290 8471245400.000000 0.620616 8049
59195.683406 8471245500.000000 0.766575 8049
59195.683522 8471245600.000000 0.587177 8049
59195.683638 8471245600.000000 0.709888 8049
59195.683753 8471245700.000000 0.683847 8049
59195.683869 8471245700.000000 0.587831 8049
59195.683985 8471245800.000000 0.699684 8049
59195.684100 8471245900.000000 0.537541 8049
59195.684216 8471245900.000000 0.651320 8049
59195.684332 8471246000.000000 0.623669 8049
59195.684448 8471246000.000000 0.513409 8049
59195.684563 8471246100.000000 0.640573 8049
59195.684679 8471246200.000000 0.516874 8049
59195.684795 8471246200.000000 0.560342 8049
59195.684911 8471246300.000000 0.591383 8049
59195.685026 8471246300.000000 0.426442 8049
59195.685142 8471246400.000000 0.569451 8049
59195.685258 8471246500.000000 0.501403 8049
59195.685374 8471246500.000000 0.474142 8049
59195.685489 8471246600.000000 0.543232 8049
59195.685605 8471246700.000000 0.413935 8049
59195.685721 8471246700.000000 0.486765 8049
59195.685837 8471246800.000000 0.508323 8049
59195.685952 8471246800.000000 0.408074 8049
59195.686068 8471246900.000000 0.556002 8049
59195.686184 8471247000.000000 0.519760 8049
59195.686300 8471247000.000000 0.436360 8049
59195.686415 8471247100.000000 0.539049 8049
59195.686531 8471247200.000000 0.458028 8049
59195.686647 8471247200.000000 0.451280 8049
59195.686763 8471247300.000000 0.514914 8049
59195.686878 8471247400.000000 0.408211 8049
59195.686994 8471247400.000000 0.441887 8049
59195.687110 8471247500.000000 0.479058 8049
59195.687226 8471247600.000000 0.377505 8049
59195.687341 8471247600.000000 0.425871 8049
59195.687457 8471247700.000000 0.452482 8049
59195.687573 8471247800.000000 0.340944 8049
59195.687688 8471247800.000000 0.404922 8049
59195.687804 8471247900.000000 0.421663 8049
59195.687920 8471248000.000000 0.319180 8049
59195.688036 8471248000.000000 0.379765 8049
59195.688151 8471248100.000000 0.405045 8049
59195.688267 8471248200.000000 0.303666 8049
59195.688383 8471248200.000000 0.357122 8049
59195.688499 8471248300.000000 0.382265 8049
59195.688614 8471248400.000000 0.311427 8049
59195.688730 8471248400.000000 0.324011 8049
59195.688846 8471248500.000000 0.364616 8049
59195.688962 8471248600.000000 0.300994 8049
59195.689077 8471248600.000000 0.286054 8049
59195.689193 8471248700.000000 0.331059 8049
59195.689309 8471248800.000000 0.291763 8049
59195.689425 8471248800.000000 0.250206 8049
59195.689540 8471248900.000000 0.307026 8049
59195.689656 8471249000.000000 0.294554 8049
59195.689772 8471249100.000000 0.219958 8049
59195.689888 8471249100.000000 0.492113 8049
59195.690003 8471249200.000000 0.614181 8049
59195.690119 8471249300.000000 0.613311 8049
59195.690235 8471249300.000000 0.640913 8049
59195.690351 8471249400.000000 0.748217 8049
59195.690466 8471249500.000000 0.685574 8049
59195.690582 8471249600.000000 0.516209 8049
59195.690698 8471249600.000000 0.664428 8049
59195.690813 8471249700.000000 0.704937 8049
59195.690929 8471249800.000000 0.596854 8049
59195.691045 8471249800.000000 0.546633 8049
59195.691161 8471249900.000000 0.659689 8049
59195.691276 8471250000.000000 0.643508 8049
59195.691392 8471250100.000000 0.520669 8049
59195.691508 8471250100.000000 0.554681 8049
59195.691624 8471250200.000000 0.640130 8049
59195.691739 8471250300.000000 0.593529 8049
59195.691855 8471250400.000000 0.475906 8049
59195.691971 8471250400.000000 0.538765 8049
59195.692087 8471250500.000000 0.592020 8049
59195.692202 8471250600.000000 0.548342 8049
59195.692318 8471250700.000000 0.432700 8049
59195.692434 8471250700.000000 0.490124 8049
59195.692550 8471250800.000000 0.551603 8049
59195.692665 8471250900.000000 0.517409 8049
59195.692781 8471251000.000000 0.431748 8049
59195.692897 8471251000.000000 0.435836 8049
59195.693013 8471251100.000000 0.496169 8049
59195.693128 8471251200.000000 0.486423 8049
59195.693244 8471251300.000000 0.428496 8049
59195.693360 8471251300.000000 0.374333 8049
59195.693475 8471251400.000000 0.433122 8049
59195.693591 8471251500.000000 0.453072 8049
59195.693707 8471251600.000000 0.414786 8049
59195.693823 8471251700.000000 0.336562 8049
59195.693938 8471251700.000000 0.347443 8049
59195.694054 8471251800.000000 0.395834 8049
59195.694170 8471251900.000000 0.396667 8049
59195.694286 8471252000.000000 0.350257 8049
59195.694401 8471252100.000000 0.284893 8049
59195.694517 8471252100.000000 0.321114 8049
59195.694633 8471252200.000000 0.360666 8049
59195.694749 8471252300.000000 0.342169 8049
59195.694864 8471252400.000000 0.310087 8049
59195.694980 8471252500.000000 0.254673 8049
59195.695096 8471252500.000000 0.267348 8049
59195.695212 8471252600.000000 0.292568 8049
59195.695327 8471252700.000000 0.294050 8049
59195.695443 8471252800.000000 0.285359 8049
59195.695559 8471252900.000000 0.242597 8049
59195.695675 8471252900.000000 0.202655 8049
59195.695790 8471253000.000000 0.231740 8049
59195.695906 8471253100.000000 0.255125 8049
59195.696022 8471253200.000000 0.261040 8049
59195.696138 8471253300.000000 0.301497 8049
59195.696253 8471253400.000000 0.311501 8049
59195.696369 8471253500.000000 0.356588 8049
59195.696485 8471253500.000000 0.403010 8049
59195.696601 8471253600.000000 0.432894 8049
59195.696716 8471253700.000000 0.442980 8049
59195.696832 8471253800.000000 0.446024 8049
59195.696948 8471253900.000000 0.408713 8049
59195.697063 8471254000.000000 0.363129 8049
59195.697179 8471254100.000000 0.295098 8049
59195.697295 8471254100.000000 0.335177 8049
59195.697411 8471254200.000000 0.364024 8049
59195.697526 8471254300.000000 0.376890 8049
59195.697642 8471254400.000000 0.374988 8049
59195.697758 8471254500.000000 0.361508 8049
59195.697874 8471254600.000000 0.333858 8049
59195.697989 8471254700.000000 0.299157 8049
59195.698105 8471254800.000000 0.257012 8049
59195.698221 8471254800.000000 0.263549 8049
59195.698337 8471254900.000000 0.289134 8049
59195.698452 8471255000.000000 0.314170 8049
59195.698568 8471255100.000000 0.295760 8049
59195.698684 8471255200.000000 0.179875 8049
59195.698800 8471255300.000000 0.273312 8049
59195.698915 8471255400.000000 0.289886 8049
59195.699031 8471255500.000000 0.271028 8049
59195.699147 8471255600.000000 0.245779 8049
59195.699263 8471255700.000000 0.221096 8049
59195.699378 8471255800.000000 0.300180 8049
59195.699494 8471255800.000000 0.260253 8049
59195.699610 8471255900.000000 0.126324 8049
59195.699725 8471256000.000000 0.216989 8049
59195.699841 8471256100.000000 0.222662 8049
59195.699957 8471256200.000000 0.223503 8049
59195.700073 8471256300.000000 0.217793 8049
59195.700188 8471256400.000000 0.217079 8049
59195.700304 8471256500.000000 0.212813 8049
59195.700420 8471256600.000000 0.204903 8049
59195.700536 8471256700.000000 0.200642 8049
59195.700651 8471256800.000000 0.195392 8049
59195.700767 8471256900.000000 0.185425 8049
59195.700883 8471257000.000000 0.175753 8049
59195.700999 8471257100.000000 0.164033 8049
59195.701114 8471257200.000000 0.155360 8049
59195.701230 8471257300.000000 0.155176 8049
59195.701346 8471257400.000000 0.151123 8049
59195.701462 8471257500.000000 0.141619 8049
59195.701577 8471257600.000000 0.142326 8049
59195.701693 8471257700.000000 0.136493 8049
59195.701809 8471257800.000000 0.144095 8049
59195.701925 8471257900.000000 0.141781 8049
59195.702040 8471258000.000000 0.138682 8049
59195.702156 8471258100.000000 0.129977 8049
59195.702272 8471258200.000000 0.122671 8049
59195.702388 8471258300.000000 0.036202 8049
59195.702503 8471258400.000000 0.084719 8049
59195.702619 8471258500.000000 0.321733 8049
59195.702735 8471258600.000000 0.316489 8049
59195.702851 8471258700.000000 0.313145 8049
59195.702966 8471258800.000000 0.307464 8049
59195.703082 8471258900.000000 0.306699 8049
59195.703198 8471259000.000000 0.295736 8049
59195.703313 8471259100.000000 0.297550 8049
59195.703429 8471259200.000000 0.290417 8049
59195.703545 8471259300.000000 0.291563 8049
59195.703661 8471259400.000000 0.278263 8049
59195.703776 8471259500.000000 0.271016 8049
59195.703892 8471259600.000000 0.257863 8049
59195.704008 8471259700.000000 0.252788 8049
59195.704124 8471259800.000000 0.243733 8049
59195.704239 8471259900.000000 0.221154 8049
59195.704355 8471260000.000000 0.210146 8049
59195.704471 8471260100.000000 0.189189 8049
59195.704587 8471260300.000000 0.184436 8049
59195.704702 8471260400.000000 0.189256 8049
59195.704818 8471260500.000000 0.200120 8049
59195.704934 8471260600.000000 0.204074 8049
59195.705050 8471260700.000000 0.210487 8049
59195.705165 8471260800.000000 0.209977 8049
59195.705281 8471260900.000000 0.199068 8049
59195.705397 8471261000.000000 0.191319 8049
59195.705513 8471261100.000000 0.170317 8049
59195.705628 8471261200.000000 0.156280 8049
59195.705744 8471261400.000000 0.136800 8049
59195.705860 8471261500.000000 0.147007 8049
59195.705976 8471261600.000000 0.148086 8049
59195.706091 8471261700.000000 0.152500 8049
59195.706207 8471261800.000000 0.146833 8049
59195.706323 8471261900.000000 0.136930 8049
59195.706438 8471262000.000000 0.119717 8049
59195.706554 8471262200.000000 0.221985 8049
59195.706670 8471262300.000000 0.283850 8049
59195.706786 8471262400.000000 0.363665 8049
59195.706901 8471262500.000000 0.454388 8049
59195.707017 8471262600.000000 0.439011 8049
59195.707133 8471262700.000000 0.402317 8049
59195.707249 8471262800.000000 0.336384 8049
59195.707364 8471263000.000000 0.349377 8049
59195.707480 8471263100.000000 0.375580 8049
59195.707596 8471263200.000000 0.389303 8049
59195.707712 8471263300.000000 0.367353 8049
59195.707827 8471263400.000000 0.320688 8049
59195.707943 8471263600.000000 0.283475 8049
59195.708059 8471263700.000000 0.324262 8049
59195.708175 8471263800.000000 0.342736 8049
59195.708290 8471263900.000000 0.320073 8049
59195.708406 8471264000.000000 0.277771 8049
59195.708522 8471264200.000000 0.269213 8049
59195.708638 8471264300.000000 0.303274 8049
59195.708753 8471264400.000000 0.302223 8049
59195.708869 8471264500.000000 0.268570 8049
59195.708985 8471264700.000000 0.231541 8049
59195.709100 8471264800.000000 0.269798 8049
59195.709216 8471264900.000000 0.284998 8049
59195.709332 8471265000.000000 0.248670 8049
59195.709448 8471265200.000000 0.215114 8049
59195.709563 8471265300.000000 0.249265 8049
59195.709679 8471265400.000000 0.252152 8049
59195.709795 8471265500.000000 0.217583 8049
59195.709911 8471265700.000000 0.209943 8049
59195.710026 8471265800.000000 0.234785 8049
59195.710142 8471265900.000000 0.220472 8049
59195.710258 8471266000.000000 0.174037 8049
59195.710374 8471266200.000000 0.196374 8049
59195.710489 8471266300.000000 0.201962 8049
59195.710605 8471266400.000000 0.170979 8049
59195.710721 8471266600.000000 0.158502 8049
59195.710837 8471266700.000000 0.171635 8049
59195.710952 8471266800.000000 0.312129 8049
59195.711068 8471267000.000000 0.300649 8049
59195.711184 8471267100.000000 0.420962 8049
59195.711300 8471267200.000000 0.472889 8049
59195.711415 8471267400.000000 0.426525 8049
59195.711531 8471267500.000000 0.485561 8049
59195.711647 8471267600.000000 0.479517 8049
59195.711763 8471267800.000000 0.440784 8049
59195.711878 8471267900.000000 0.501082 8049
59195.711994 8471268000.000000 0.443651 8049
59195.712110 8471268200.000000 0.451327 8049
59195.712226 8471268300.000000 0.470236 8049
59195.712341 8471268400.000000 0.380702 8049
59195.712457 8471268600.000000 0.441575 8049
59195.712573 8471268700.000000 0.431138 8049
59195.712688 8471268900.000000 0.381280 8049
59195.712804 8471269000.000000 0.419243 8049
59195.712920 8471269100.000000 0.358439 8049
59195.713036 8471269300.000000 0.396206 8049
59195.713151 8471269400.000000 0.401155 8049
59195.713267 8471269600.000000 0.353283 8049
59195.713383 8471269700.000000 0.391570 8049
59195.713499 8471269800.000000 0.315935 8049
59195.713614 8471270000.000000 0.426869 8049
59195.713730 8471270100.000000 0.380296 8049
59195.713846 8471270300.000000 0.400017 8049
59195.713962 8471270400.000000 0.386070 8049
59195.714077 8471270600.000000 0.329261 8049
59195.714193 8471270700.000000 0.299680 8049
59195.714772 8471271500.000000 0.291560 8049
59195.714888 8471271600.000000 0.332609 8049
59195.715003 8471271700.000000 0.270359 8049
59195.715119 8471271900.000000 0.314123 8049
59195.715235 8471272000.000000 0.252414 8049
59195.715350 8471272200.000000 0.287907 8049
59195.715466 8471272300.000000 0.208310 8049
59195.715582 8471272500.000000 0.248928 8049
59195.715698 8471272700.000000 0.202805 8049
59195.715813 8471272800.000000 0.425332 8049
59195.715929 8471273000.000000 0.416735 8049
59195.716045 8471273100.000000 0.569947 8049
59195.716161 8471273300.000000 0.568307 8049
59195.716276 8471273400.000000 0.628335 8049
59195.716392 8471273600.000000 0.617918 8049
59195.716508 8471273700.000000 0.569769 8049
59195.716624 8471273900.000000 0.612467 8049
59195.716739 8471274100.000000 0.503766 8049
59195.716855 8471274200.000000 0.611530 8049
59195.716971 8471274400.000000 0.540764 8049
59195.717087 8471274500.000000 0.564688 8049
59195.717202 8471274700.000000 0.567739 8049
59195.717318 8471274800.000000 0.476398 8049
59195.717434 8471275000.000000 0.565409 8049
59195.717550 8471275200.000000 0.499641 8049
59195.717665 8471275300.000000 0.511857 8049
59195.717781 8471275500.000000 0.523333 8049
59195.717897 8471275700.000000 0.454686 8049
59195.718013 8471275800.000000 0.522246 8049
59195.718128 8471276000.000000 0.514737 8049
59195.718244 8471276100.000000 0.436220 8049
59195.718360 8471276300.000000 0.490946 8049
59195.718476 8471276500.000000 0.454813 8049
59195.718591 8471276600.000000 0.417466 8049
59195.718707 8471276800.000000 0.463288 8049
59195.718823 8471277000.000000 0.436027 8049
59195.718938 8471277100.000000 0.394962 8049
59195.719054 8471277300.000000 0.443443 8049
59195.719170 8471277500.000000 0.412005 8049
59195.719286 8471277600.000000 0.345346 8049
59195.719401 8471277800.000000 0.391757 8049
59195.719517 8471278000.000000 0.389720 8049
59195.719633 8471278200.000000 0.348588 8049
59195.719749 8471278300.000000 0.355933 8049
59195.719864 8471278500.000000 0.362942 8049
59195.719980 8471278700.000000 0.336928 8049
59195.720096 8471278800.000000 0.297008 8049
59195.720212 8471279000.000000 0.335820 8049
59195.720327 8471279200.000000 0.341657 8049
59195.720443 8471279400.000000 0.311455 8049
59195.720559 8471279500.000000 0.271273 8049
59195.720675 8471279700.000000 0.294917 8049
59195.720790 8471279900.000000 0.294509 8049
59195.720906 8471280100.000000 0.279625 8049
59195.721022 8471280300.000000 0.243651 8049
59195.721138 8471280400.000000 0.253199 8049
59195.721253 8471280600.000000 0.295128 8049
59195.721369 8471280800.000000 0.451390 8049
59195.721485 8471281000.000000 0.497221 8049
59195.721601 8471281100.000000 0.473474 8049
59195.721716 8471281300.000000 0.515518 8049
59195.721832 8471281500.000000 0.517165 8049
59195.721948 8471281700.000000 0.510109 8049
59195.722063 8471281900.000000 0.486659 8049
59195.722179 8471282100.000000 0.445647 8049
59195.722295 8471282200.000000 0.456425 8049
59195.722411 8471282400.000000 0.478433 8049
59195.722526 8471282600.000000 0.478155 8049
59195.722642 8471282800.000000 0.459008 8049
59195.722758 8471283000.000000 0.434663 8049
59195.722874 8471283200.000000 0.410955 8049
59195.722989 8471283300.000000 0.391722 8049
59195.723105 8471283500.000000 0.411294 8049
59195.723221 8471283700.000000 0.417394 8049
59195.723337 8471283900.000000 0.410231 8049
59195.723452 8471284100.000000 0.404500 8049
59195.723568 8471284300.000000 0.386002 8049
59195.723684 8471284500.000000 0.377339 8049
59195.723800 8471284700.000000 0.362275 8049
59195.723915 8471284900.000000 0.333627 8049
59195.724031 8471285000.000000 0.337629 8049
59195.724147 8471285200.000000 0.334777 8049
59195.724263 8471285400.000000 0.334516 8049
59195.724378 8471285600.000000 0.330187 8049
59195.724494 8471285800.000000 0.335454 8049
59195.724610 8471286000.000000 0.324158 8049
59195.724725 8471286200.000000 0.324511 8049
59195.724841 8471286400.000000 0.315395 8049
59195.724957 8471286600.000000 0.301074 8049
59195.725073 8471286800.000000 0.284151 8049
59195.725188 8471287000.000000 0.278765 8049
59195.725304 8471287200.000000 0.297590 8049
59195.725420 8471287400.000000 0.284022 8049
59195.725536 8471287600.000000 0.485650 8049
59195.725651 8471287700.000000 0.515183 8049
59195.725767 8471287900.000000 0.537230 8049
59195.725883 8471288100.000000 0.634800 8049
59195.725999 8471288300.000000 0.650987 8049
59195.726114 8471288500.000000 0.733734 8049
59195.726230 8471288700.000000 0.736556 8049
59195.726346 8471288900.000000 0.737839 8049
59195.726462 8471289100.000000 0.754153 8049
59195.726577 8471289300.000000 0.751393 8049
59195.726693 8471289500.000000 0.735675 8049
59195.726809 8471289700.000000 0.741734 8049
59195.726925 8471289900.000000 0.729642 8049
59195.727040 8471290100.000000 0.732808 8049
59195.727156 8471290300.000000 0.722491 8049
59195.727272 8471290500.000000 0.726361 8049
59195.727388 8471290700.000000 0.721603 8049
59195.727503 8471290900.000000 0.718352 8049
59195.727619 8471291100.000000 0.722665 8049
59195.727735 8471291300.000000 0.706289 8049
59195.727851 8471291500.000000 0.704473 8049
59195.727966 8471291700.000000 0.698000 8049
59195.728082 8471291900.000000 0.697259 8049
59195.728198 8471292100.000000 0.688430 8049
59195.728313 8471292300.000000 0.685829 8049
59195.728429 8471292500.000000 0.685082 8049
59195.728545 8471292700.000000 0.662588 8049
59195.728661 8471292900.000000 0.662349 8049
59195.728776 8471293100.000000 0.658051 8049
59195.728892 8471293300.000000 0.648935 8049
59195.729008 8471293500.000000 0.640335 8049
59195.729124 8471293700.000000 0.645224 8049
59195.729239 8471293900.000000 0.631839 8049
59195.729355 8471294100.000000 0.622095 8049
59195.729471 8471294300.000000 0.611247 8049
59195.729587 8471294500.000000 0.609384 8049
59195.729702 8471294700.000000 0.592901 8049
59195.729818 8471294900.000000 0.592930 8049
59195.729934 8471295100.000000 0.583517 8049
59195.730050 8471295300.000000 0.582104 8049
59195.730165 8471295500.000000 0.585507 8049
59195.730281 8471295700.000000 0.577503 8049
59195.730397 8471295900.000000 0.563535 8049
59195.730513 8471296100.000000 0.559326 8049
59195.730628 8471296300.000000 0.543941 8049
59195.730744 8471296500.000000 0.554817 8049
59195.730860 8471296700.000000 0.534746 8049
59195.730975 8471296900.000000 0.532503 8049
59195.731091 8471297100.000000 0.530961 8049
59195.731207 8471297300.000000 0.512331 8049
59195.731323 8471297500.000000 0.490745 8049
59195.731438 8471297700.000000 0.464833 8049
59195.731554 8471297900.000000 0.438141 8049
59195.731670 8471298100.000000 0.420520 8049
59195.731786 8471298200.000000 0.421501 8049
59195.731901 8471298400.000000 0.428218 8049
59195.732017 8471298600.000000 0.439544 8049
59195.732133 8471298800.000000 0.453765 8049
59195.732249 8471299000.000000 0.454898 8049
59195.732364 8471299200.000000 0.444866 8049
59195.732480 8471299400.000000 0.426787 8049
59195.732596 8471299600.000000 0.407409 8049
59195.732712 8471299800.000000 0.368522 8049
59195.732827 8471299900.000000 0.376030 8049
59195.732943 8471300100.000000 0.396098 8049
59195.733059 8471300300.000000 0.405019 8049
59195.733175 8471300500.000000 0.400268 8049
59195.733290 8471300700.000000 0.372866 8049
59195.733406 8471300800.000000 0.320584 8049
59195.733522 8471301000.000000 0.359248 8049
59195.733638 8471301200.000000 0.364694 8049
59195.733753 8471301400.000000 0.350658 8049
59195.733869 8471301600.000000 0.299497 8049
59195.733985 8471301700.000000 0.326860 8049
59195.734101 8471301900.000000 0.344805 8049
59195.734216 8471302100.000000 0.314412 8049
59195.734332 8471302200.000000 0.298092 8049
59195.734448 8471302400.000000 0.335074 8049
59195.734563 8471302600.000000 0.309908 8049
59195.734679 8471302700.000000 0.278540 8049
59195.734795 8471302900.000000 0.307695 8049
59195.734911 8471303100.000000 0.275741 8049
59195.735026 8471303200.000000 0.295827 8049
59195.735142 8471303400.000000 0.295187 8049
59195.735258 8471303500.000000 0.298358 8049
59195.735374 8471303700.000000 0.425818 8049
59195.735489 8471303800.000000 0.567529 8049
59195.735605 8471304000.000000 0.679988 8049
59195.735721 8471304100.000000 0.692258 8049
59195.735837 8471304300.000000 0.777413 8049
59195.735952 8471304400.000000 0.730657 8049
59195.736068 8471304600.000000 0.722385 8049
59195.736184 8471304700.000000 0.781830 8049
59195.736300 8471304800.000000 0.638721 8049
59195.736415 8471305000.000000 0.745828 8049
59195.736531 8471305100.000000 0.762337 8049
59195.736647 8471305200.000000 0.654776 8049
59195.736763 8471305400.000000 0.694371 8049
59195.736878 8471305500.000000 0.770685 8049
59195.736994 8471305600.000000 0.751207 8049
59195.737110 8471305700.000000 0.665601 8049
59195.737226 8471305900.000000 0.569679 8049
59195.737341 8471306000.000000 0.654331 8049
59195.737457 8471306100.000000 0.700240 8049
59195.737573 8471306200.000000 0.719197 8049
59195.737688 8471306300.000000 0.723616 8049
59195.737804 8471306400.000000 0.725680 8049
59195.737920 8471306500.000000 0.727780 8049
59195.738036 8471306600.000000 0.710791 8049
59195.738151 8471306700.000000 0.671904 8049
59195.738267 8471306800.000000 0.626372 8049
59195.738383 8471306900.000000 0.532883 8049
59195.738499 8471306900.000000 0.617397 8049
59195.738614 8471307000.000000 0.703115 8049
59195.738730 8471307100.000000 0.706713 8049
59195.738846 8471307200.000000 0.563234 8049
59195.738962 8471307200.000000 0.622142 8049
59195.739077 8471307300.000000 0.684830 8049
59195.739193 8471307400.000000 0.514789 8049
59195.739309 8471307400.000000 0.673644 8049
59195.739425 8471307500.000000 0.578500 8049
59195.739540 8471307500.000000 0.667304 8049
59195.739656 8471307600.000000 0.528437 8049
59195.739772 8471307600.000000 0.662885 8049
59195.739888 8471307600.000000 0.521081 8049
59195.740003 8471307700.000000 0.580274 8049
59195.740119 8471307700.000000 0.647964 8049
59195.740235 8471307700.000000 0.559530 8049
59195.740350 8471307700.000000 0.422615 8049
59195.740466 8471307800.000000 0.498243 8049
59195.740582 8471307800.000000 0.538960 8049
59195.740698 8471307800.000000 0.555148 8049
59195.740813 8471307800.000000 0.561165 8049
59195.740929 8471307800.000000 0.556738 8049
59195.741045 8471307800.000000 0.532473 8049
59195.741161 8471307800.000000 0.478381 8049
59195.741276 8471307800.000000 0.399699 8049
59195.741392 8471307700.000000 0.450150 8049
59195.741508 8471307700.000000 0.518435 8049
59195.741624 8471307700.000000 0.482567 8049
59195.741739 8471307600.000000 0.367154 8049
59195.741855 8471307600.000000 0.472592 8049
59195.741971 8471307600.000000 0.379352 8049
59195.742087 8471307500.000000 0.446336 8049
59195.742202 8471307500.000000 0.347476 8049
59195.742318 8471307400.000000 0.433085 8049
59195.742434 8471307300.000000 0.355771 8049
59195.742550 8471307300.000000 0.358284 8049
59195.742665 8471307200.000000 0.405054 8049
59195.742781 8471307100.000000 0.376280 8049
59195.742897 8471307000.000000 0.326509 8049
59195.743013 8471306900.000000 0.274461 8049
59195.743128 8471306800.000000 0.415773 8049
59195.743244 8471306700.000000 0.403980 8049
59195.743360 8471306600.000000 0.416394 8049
59195.743476 8471306500.000000 0.440412 8049
59195.743591 8471306400.000000 0.454444 8049
59195.743707 8471306300.000000 0.447353 8049
59195.743823 8471306200.000000 0.377043 8049
59195.743938 8471306000.000000 0.355833 8049
59195.744054 8471305900.000000 0.310755 8049
59195.744170 8471305800.000000 0.243084 8049
59195.744286 8471305600.000000 0.288915 8049
59195.744401 8471305500.000000 0.229993 8049
59195.744517 8471305300.000000 0.269443 8049
59195.744633 8471305100.000000 0.279559 8049
59195.744749 8471305000.000000 0.293609 8049
59195.744864 8471304800.000000 0.376713 8049
59195.744980 8471304600.000000 0.370081 8049
59195.745096 8471304400.000000 0.346372 8049
59195.745212 8471304200.000000 0.155598 8049
59195.745327 8471304000.000000 0.199229 8049
59195.745443 8471303800.000000 0.309572 8049
59195.745559 8471303600.000000 0.307985 8049
59195.745675 8471303400.000000 0.303036 8049
59195.745790 8471303200.000000 0.302522 8049
59195.745906 8471303000.000000 0.280608 8049
59195.746022 8471302700.000000 0.259711 8049
59195.746138 8471302500.000000 0.265218 8049
59195.746253 8471302300.000000 0.261539 8049
59195.746369 8471302000.000000 0.241619 8049
59195.746485 8471301800.000000 0.246103 8049
59195.746600 8471301500.000000 0.231052 8049
59195.746716 8471301300.000000 0.233210 8049
59195.746832 8471301000.000000 0.222868 8049
59195.746948 8471300800.000000 0.212226 8049
59195.747063 8471300500.000000 0.208487 8049
59195.747179 8471300200.000000 0.207792 8049
59195.747295 8471299900.000000 0.198006 8049
59195.747411 8471299700.000000 0.183878 8049
59195.747526 8471299400.000000 0.178205 8049
59195.747642 8471299100.000000 0.176054 8049
59195.747758 8471298800.000000 0.171838 8049
59195.747874 8471298500.000000 0.164957 8049
59195.747989 8471298200.000000 0.159309 8049
59195.748105 8471297800.000000 0.153736 8049
59195.748221 8471297500.000000 0.155382 8049
59195.748337 8471297200.000000 0.145030 8049
59195.748452 8471296900.000000 0.147862 8049
59195.748568 8471296500.000000 0.142844 8049
59195.748684 8471296200.000000 0.062618 8049
59195.748800 8471295800.000000 0.069621 8049
59195.748915 8471295500.000000 0.176910 8049
59195.749031 8471295200.000000 0.171497 8049
59195.749147 8471294800.000000 0.171543 8049
59195.749263 8471294600.000000 0.145479 8049
59195.749378 8471294200.000000 0.113380 8049
59195.749494 8471293800.000000 0.107443 8049
59195.749610 8471293400.000000 0.069578 8049
59195.749726 8471293000.000000 0.079822 8049
59195.749841 8471292700.000000 0.096383 8049
59195.749957 8471292400.000000 0.094551 8049
59195.750073 8471291900.000000 0.103201 8049
59195.750188 8471291600.000000 0.099636 8049
59195.750304 8471291200.000000 0.098368 8049
59195.750420 8471290900.000000 0.094730 8049
59195.750536 8471290400.000000 0.094360 8049
59195.750651 8471290100.000000 0.093218 8049
59195.750767 8471289600.000000 0.091896 8049
59195.750883 8471289300.000000 0.089530 8049
59195.750999 8471288900.000000 0.086643 8049
59195.751114 8471288500.000000 0.091984 8049
59195.751230 8471288100.000000 0.084191 8049
59195.751346 8471287600.000000 0.067079 8049
59195.751462 8471287300.000000 0.066889 8049
59195.751577 8471286900.000000 0.065312 8049
59195.751693 8471286400.000000 0.039581 8049
59195.751809 8471286000.000000 0.039851 8049
59195.751925 8471285600.000000 0.037270 8049
59195.752040 8471285300.000000 0.039712 8049
59195.752156 8471284800.000000 0.056256 8049
59195.752272 8471284500.000000 0.061586 8049
59195.752388 8471284000.000000 0.059703 8049
59195.752503 8471283700.000000 0.056595 8049
59195.752619 8471283100.000000 0.020592 8049
59195.752735 8471282600.000000 0.082963 8049
59195.752851 8471282400.000000 0.090940 8049
59195.752966 8471281800.000000 0.127417 8049
59195.753082 8471281400.000000 0.160188 8049
59195.753198 8471281100.000000 0.164840 8049
59195.753313 8471280600.000000 0.224961 8049
59195.753429 8471280200.000000 0.226158 8049
59195.753545 8471279800.000000 0.230084 8049
59195.753661 8471279300.000000 0.230878 8049
59195.753776 8471279000.000000 0.220173 8049
59195.753892 8471278500.000000 0.182286 8049
59195.754008 8471278000.000000 0.183584 8049
59195.754124 8471277800.000000 0.121927 8049
59195.754239 8471277100.000000 0.170288 8049
59195.754355 8471276800.000000 0.189105 8049
59195.754471 8471276300.000000 0.189076 8049
59195.754587 8471275900.000000 0.190209 8049
59195.754702 8471275500.000000 0.191560 8049
59195.754818 8471275000.000000 0.196651 8049
59195.754934 8471274700.000000 0.199813 8049
59195.755050 8471274300.000000 0.198790 8049
59195.755165 8471273800.000000 0.199190 8049
59195.755281 8471273300.000000 0.200296 8049
59195.755397 8471272900.000000 0.203341 8049
59195.755513 8471272500.000000 0.203060 8049
59195.755628 8471272000.000000 0.206581 8049
59195.755744 8471271700.000000 0.209684 8049
59195.755860 8471271300.000000 0.214763 8049
59195.755975 8471270900.000000 0.210000 8049
59195.756091 8471270400.000000 0.215219 8049
59195.756207 8471270000.000000 0.215340 8049
59195.756323 8471269600.000000 0.216199 8049
59195.756438 8471269200.000000 0.219633 8049
59195.756554 8471268700.000000 0.221244 8049
59195.756670 8471268300.000000 0.220537 8049
59195.756786 8471267900.000000 0.222322 8049
59195.756901 8471267500.000000 0.231817 8049
59195.757017 8471267100.000000 0.231207 8049
59195.757133 8471266600.000000 0.232471 8049
59195.757249 8471266200.000000 0.232033 8049
59195.757364 8471265800.000000 0.239628 8049
59195.757480 8471265400.000000 0.232540 8049
59195.757596 8471265000.000000 0.238246 8049
59195.757712 8471264600.000000 0.244673 8049
59195.757827 8471264200.000000 0.244970 8049
59195.757943 8471263800.000000 0.249541 8049
59195.758059 8471263300.000000 0.252735 8049
59195.758175 8471263000.000000 0.252653 8049
59195.758290 8471262500.000000 0.262814 8049
59195.758406 8471262200.000000 0.265592 8049
59195.758522 8471261800.000000 0.262967 8049
59195.758638 8471261300.000000 0.266765 8049
59195.758753 8471261000.000000 0.268861 8049
59195.758869 8471260600.000000 0.273574 8049
59195.758985 8471260300.000000 0.255352 8049
59195.759101 8471259800.000000 0.185856 8049
59195.759216 8471259400.000000 0.187484 8049
59195.759332 8471259000.000000 0.237375 8049
59195.759448 8471258700.000000 0.238540 8049
59195.759563 8471258200.000000 0.243851 8049
59195.759679 8471257900.000000 0.247655 8049
59195.759795 8471257500.000000 0.242641 8049
59195.759911 8471257100.000000 0.244933 8049
59195.760026 8471256700.000000 0.250262 8049
59195.760142 8471256400.000000 0.250072 8049
59195.760258 8471255900.000000 0.247788 8049
59195.760374 8471255600.000000 0.254005 8049
59195.760489 8471255200.000000 0.195621 8049
59195.760605 8471254900.000000 0.196059 8049
59195.760721 8471254600.000000 0.141076 8049
59195.760837 8471254100.000000 0.113975 8049
59195.760952 8471253700.000000 0.115690 8049
59195.761068 8471253400.000000 0.206587 8049
59195.761184 8471253000.000000 0.207880 8049
59195.761300 8471252700.000000 0.212678 8049
59195.761415 8471252300.000000 0.215623 8049
59195.761531 8471252000.000000 0.213489 8049
59195.761647 8471251600.000000 0.213308 8049
59195.761763 8471251300.000000 0.220076 8049
59195.761878 8471250900.000000 0.222695 8049
59195.761994 8471250600.000000 0.217209 8049
59195.762110 8471250200.000000 0.222525 8049
59195.762225 8471249900.000000 0.218115 8049
59195.762341 8471249500.000000 0.227093 8049
59195.762457 8471249200.000000 0.260012 8049
59195.762573 8471248900.000000 0.260185 8049
59195.762689 8471248500.000000 0.263637 8049
59195.762804 8471248200.000000 0.261206 8049
59195.762920 8471247900.000000 0.258729 8049
59195.763036 8471247500.000000 0.260605 8049
59195.763151 8471247200.000000 0.260068 8049
59195.763267 8471246900.000000 0.259555 8049
59195.763383 8471246500.000000 0.260232 8049
59195.763499 8471246200.000000 0.266115 8049
59195.763614 8471245900.000000 0.265223 8049
59195.763730 8471245600.000000 0.270506 8049
59195.763846 8471245300.000000 0.153732 8049
59195.763962 8471245000.000000 0.150164 8049
59195.764077 8471244600.000000 0.151221 8049
59195.764193 8471244300.000000 0.151194 8049
59195.764309 8471244000.000000 0.154215 8049
59195.764425 8471243700.000000 0.150919 8049
59195.764540 8471243400.000000 0.151000 8049
59195.764656 8471243100.000000 0.148735 8049
59195.764772 8471242800.000000 0.148165 8049
59195.764888 8471242500.000000 0.148906 8049
59195.765003 8471242200.000000 0.148141 8049
59195.765119 8471241900.000000 0.148188 8049
59195.765235 8471241600.000000 0.147240 8049
59195.765350 8471241300.000000 0.148845 8049
59195.765466 8471241000.000000 0.172261 8049
59195.765582 8471240800.000000 0.163771 8049
59195.765813 8471240100.000000 0.046200 8049
59195.765929 8471239800.000000 0.086618 8049
59195.766045 8471239600.000000 0.203866 8049
59195.766161 8471239300.000000 0.204766 8049
59195.766276 8471239000.000000 0.222045 8049
59195.766392 8471238800.000000 0.223663 8049
59195.766508 8471238500.000000 0.190322 8049
59195.766624 8471238200.000000 0.195443 8049
59195.766739 8471238000.000000 0.148337 8049
59195.766855 8471237700.000000 0.126159 8049
59195.766971 8471237300.000000 0.250365 8049
59195.767087 8471237100.000000 0.331458 8049
59195.767202 8471236900.000000 0.374376 8049
59195.767318 8471236600.000000 0.382066 8049
59195.767434 8471236300.000000 0.323992 8049
59195.767550 8471236100.000000 0.325274 8049
59195.767665 8471235800.000000 0.400295 8049
59195.767781 8471235600.000000 0.383465 8049
59195.767897 8471235300.000000 0.271139 8049
59195.768013 8471235000.000000 0.424287 8049
59195.768128 8471234800.000000 0.465992 8049
59195.768244 8471234600.000000 0.426028 8049
59195.768360 8471234300.000000 0.390236 8049
59195.768476 8471234100.000000 0.368713 8049
59195.768591 8471233800.000000 0.397352 8049
59195.768707 8471233600.000000 0.435586 8049
59195.768823 8471233300.000000 0.464426 8049
59195.768938 8471233100.000000 0.461410 8049
59195.769054 8471232800.000000 0.456124 8049
59195.769170 8471232600.000000 0.475480 8049
59195.769286 8471232400.000000 0.456815 8049
59195.769401 8471232100.000000 0.472400 8049
59195.769517 8471231900.000000 0.483574 8049
59195.769633 8471231700.000000 0.461493 8049
59195.769749 8471231400.000000 0.471447 8049
59195.769864 8471231200.000000 0.485050 8049
59195.769980 8471231000.000000 0.487278 8049
59195.770096 8471230700.000000 0.461515 8049
59195.770212 8471230500.000000 0.491539 8049
59195.770327 8471230300.000000 0.506573 8049
59195.770443 8471230100.000000 0.497768 8049
59195.770559 8471229900.000000 0.477745 8049
59195.770675 8471229600.000000 0.476993 8049
59195.770790 8471229400.000000 0.505540 8049
59195.770906 8471229200.000000 0.517085 8049
59195.771022 8471229000.000000 0.516432 8049
59195.771138 8471228800.000000 0.513811 8049
59195.771253 8471228600.000000 0.499203 8049
59195.771369 8471228400.000000 0.484521 8049
59195.771485 8471228100.000000 0.481759 8049
59195.771600 8471227900.000000 0.498451 8049
59195.771716 8471227700.000000 0.511415 8049
59195.771832 8471227500.000000 0.523961 8049
59195.771948 8471227300.000000 0.530814 8049
59195.772064 8471227100.000000 0.498934 8049
59195.772179 8471226900.000000 0.494875 8049
59195.772295 8471226700.000000 0.498223 8049
59195.772411 8471226500.000000 0.501837 8049
59195.772526 8471226300.000000 0.505334 8049
59195.772642 8471226100.000000 0.497931 8049
59195.772758 8471225900.000000 0.492575 8049
59195.772874 8471225700.000000 0.482935 8049
59195.772989 8471225500.000000 0.462993 8049
59195.773105 8471225400.000000 0.472534 8049
59195.773221 8471225200.000000 0.496946 8049
59195.773337 8471225000.000000 0.521918 8049
59195.773452 8471224800.000000 0.537445 8049
59195.773568 8471224600.000000 0.546221 8049
59195.773684 8471224400.000000 0.533672 8049
59195.773800 8471224200.000000 0.511030 8049
59195.773915 8471224100.000000 0.479332 8049
59195.774031 8471223900.000000 0.532452 8049
59195.774147 8471223700.000000 0.561287 8049
59195.774263 8471223500.000000 0.566449 8049
59195.774378 8471223300.000000 0.524425 8049
59195.774494 8471223200.000000 0.504436 8049
59195.774610 8471223000.000000 0.564852 8049
59195.774726 8471222800.000000 0.575484 8049
59195.774841 8471222600.000000 0.536760 8049
59195.774957 8471222500.000000 0.516912 8049
59195.775073 8471222300.000000 0.585390 8049
59195.775188 8471222100.000000 0.576043 8049
59195.775304 8471221900.000000 0.493069 8049
59195.775420 8471221800.000000 0.583301 8049
59195.775536 8471221600.000000 0.582944 8049
59195.775651 8471221500.000000 0.495008 8049
59195.775767 8471221300.000000 0.585578 8049
59195.775883 8471221100.000000 0.573011 8049
59195.775999 8471221000.000000 0.524146 8049
59195.776114 8471220800.000000 0.602116 8049
59195.776230 8471220600.000000 0.542832 8049
59195.776346 8471220500.000000 0.574133 8049
59195.776462 8471220300.000000 0.591327 8049
59195.776577 8471220200.000000 0.530897 8049
59195.776693 8471220000.000000 0.605407 8049
59195.776809 8471219800.000000 0.511139 8049
59195.776925 8471219700.000000 0.611512 8049
59195.777040 8471219500.000000 0.525487 8049
59195.777156 8471219400.000000 0.560985 8049
59195.777272 8471219200.000000 0.519676 8049
59195.777388 8471219100.000000 0.558418 8049
59195.777503 8471218900.000000 0.520104 8049
59195.777619 8471218800.000000 0.564928 8049
59195.777735 8471218600.000000 0.515533 8049
59195.777850 8471218500.000000 0.569069 8049
59195.777966 8471218300.000000 0.494840 8049
59195.778082 8471218200.000000 0.576319 8049
59195.778198 8471218100.000000 0.480465 8049
59195.778314 8471217900.000000 0.587296 8049
59195.778429 8471217800.000000 0.532907 8049
59195.778545 8471217600.000000 0.564179 8049
59195.778661 8471217500.000000 0.591239 8049
59195.778776 8471217300.000000 0.499932 8049
59195.778892 8471217200.000000 0.599521 8049
59195.779008 8471217100.000000 0.539697 8049
59195.779124 8471216900.000000 0.556057 8049
59195.779239 8471216800.000000 0.606227 8049
59195.779355 8471216700.000000 0.507892 8049
59195.779471 8471216500.000000 0.588379 8049
59195.779587 8471216400.000000 0.610392 8049
59195.779702 8471216300.000000 0.505899 8049
59195.779818 8471216100.000000 0.588246 8049
59195.779934 8471216000.000000 0.618375 8049
59195.780050 8471215900.000000 0.526759 8049
59195.780165 8471215700.000000 0.567375 8049
59195.780281 8471215600.000000 0.631085 8049
59195.780397 8471215500.000000 0.588067 8049
59195.780513 8471215300.000000 0.510633 8049
59195.780628 8471215200.000000 0.607328 8049
59195.780744 8471215100.000000 0.635009 8049
59195.780860 8471215000.000000 0.571519 8049
59195.780975 8471214800.000000 0.530971 8049
59195.781091 8471214700.000000 0.613507 8049
59195.781207 8471214600.000000 0.641546 8049
59195.781323 8471214500.000000 0.593494 8049
59195.781438 8471214400.000000 0.489005 8049
59195.781554 8471214200.000000 0.583131 8049
59195.781670 8471214100.000000 0.649780 8049
59195.781786 8471214000.000000 0.650594 8049
59195.781901 8471213900.000000 0.588926 8049
59195.782017 8471213800.000000 0.509430 8049
59195.782133 8471213600.000000 0.558520 8049
59195.782249 8471213500.000000 0.632963 8049
59195.782364 8471213400.000000 0.656106 8049
59195.782480 8471213300.000000 0.654070 8049
59195.782596 8471213200.000000 0.611533 8049
59195.782712 8471213100.000000 0.547038 8049
59195.782827 8471212900.000000 0.517825 8049
59195.782943 8471212800.000000 0.586433 8049
59195.783059 8471212700.000000 0.629459 8049
59195.783175 8471212600.000000 0.653377 8049
59195.783290 8471212500.000000 0.667532 8049
59195.783406 8471212400.000000 0.663781 8049
59195.783522 8471212300.000000 0.649105 8049
59195.783638 8471212200.000000 0.615212 8049
59195.783753 8471212100.000000 0.582325 8049
59195.783869 8471212000.000000 0.544631 8049
59195.783985 8471211900.000000 0.506732 8049
59195.784101 8471211700.000000 0.529733 8049
59195.784216 8471211600.000000 0.564929 8049
59195.784332 8471211500.000000 0.547963 8049
59195.784448 8471211400.000000 0.537044 8049
59195.784563 8471211300.000000 0.559920 8049
59195.784679 8471211200.000000 0.565355 8049
59195.784795 8471211100.000000 0.570654 8049
59195.784911 8471211000.000000 0.579485 8049
59195.785026 8471210900.000000 0.584151 8049
59195.785142 8471210800.000000 0.594743 8049
59195.785258 8471210700.000000 0.586193 8049
59195.785374 8471210600.000000 0.591398 8049
59195.785489 8471210500.000000 0.585235 8049
59195.785605 8471210400.000000 0.584919 8049
59195.785721 8471210300.000000 0.571869 8049
59195.785837 8471210200.000000 0.568946 8049
59195.785952 8471210100.000000 0.555867 8049
59195.786068 8471210000.000000 0.540684 8049
59195.786184 8471209900.000000 0.518894 8049
59195.786300 8471209800.000000 0.494863 8049
59195.786415 8471209700.000000 0.465715 8049
59195.786531 8471209700.000000 0.483911 8049
59195.786647 8471209600.000000 0.520026 8049
59195.786763 8471209500.000000 0.559517 8049
59195.786878 8471209400.000000 0.586053 8049
59195.786994 8471209300.000000 0.615562 8049
59195.787110 8471209200.000000 0.627154 8049
59195.787225 8471209100.000000 0.628111 8049
59195.787341 8471209000.000000 0.623996 8049
59195.787457 8471208900.000000 0.589913 8049
59195.787573 8471208800.000000 0.550426 8049
59195.787689 8471208700.000000 0.489559 8049
59195.787804 8471208700.000000 0.498657 8049
59195.787920 8471208600.000000 0.554297 8049
59195.788036 8471208500.000000 0.611499 8049
59195.788151 8471208400.000000 0.637042 8049
59195.788267 8471208300.000000 0.634095 8049
59195.788383 8471208200.000000 0.598348 8049
59195.788499 8471208100.000000 0.535494 8049
59195.788614 8471208100.000000 0.484601 8049
59195.788730 8471208000.000000 0.569094 8049
59195.788846 8471207900.000000 0.622384 8049
59195.788962 8471207800.000000 0.647983 8049
59195.789077 8471207700.000000 0.619344 8049
59195.789193 8471207600.000000 0.548111 8049
59195.789309 8471207600.000000 0.485191 8049
59195.789425 8471207500.000000 0.590142 8049
59195.789540 8471207400.000000 0.643731 8049
59195.789656 8471207300.000000 0.644026 8049
59195.789772 8471207200.000000 0.582562 8049
59195.789888 8471207200.000000 0.477095 8049
59195.790003 8471207100.000000 0.581270 8049
59195.790119 8471207000.000000 0.653675 8049
59195.790235 8471206900.000000 0.638322 8049
59195.790351 8471206800.000000 0.552410 8049
59195.790466 8471206800.000000 0.520590 8049
59195.790582 8471206700.000000 0.624304 8049
59195.790698 8471206600.000000 0.657332 8049
59195.790813 8471206500.000000 0.586006 8049
59195.790929 8471206500.000000 0.475937 8049
59195.791045 8471206400.000000 0.606092 8049
59195.791161 8471206300.000000 0.661107 8049
59195.791276 8471206200.000000 0.593308 8049
59195.791392 8471206200.000000 0.481235 8049
59195.791508 8471206100.000000 0.624263 8049
59195.791624 8471206000.000000 0.668419 8049
59195.791739 8471205900.000000 0.577493 8049
59195.791855 8471205900.000000 0.523546 8049
59195.791971 8471205800.000000 0.648829 8049
59195.792087 8471205700.000000 0.636509 8049
59195.792202 8471205600.000000 0.505677 8049
59195.792318 8471205600.000000 0.593684 8049
59195.792434 8471205500.000000 0.665212 8049
59195.792550 8471205400.000000 0.581213 8049
59195.792665 8471205400.000000 0.537774 8049
59195.792781 8471205300.000000 0.657780 8049
59195.792897 8471205200.000000 0.602805 8049
59195.793013 8471205200.000000 0.469482 8049
59195.793128 8471205100.000000 0.626309 8049
59195.793244 8471205000.000000 0.609702 8049
59195.793360 8471204900.000000 0.446638 8049
59195.793475 8471204900.000000 0.611525 8049
59195.793591 8471204800.000000 0.621938 8049
59195.793707 8471204700.000000 0.454940 8049
59195.793823 8471204700.000000 0.608904 8049
59195.793939 8471204600.000000 0.618342 8049
59195.794054 8471204600.000000 0.453563 8049
59195.794170 8471204500.000000 0.616382 8049
59195.794286 8471204400.000000 0.601611 8049
59195.794401 8471204400.000000 0.487488 8049
59195.794517 8471204300.000000 0.636895 8049
59195.794633 8471204200.000000 0.573069 8049
59195.794749 8471204200.000000 0.533770 8049
59195.794864 8471204100.000000 0.639519 8049
59195.794980 8471204000.000000 0.515413 8049
59195.795096 8471204000.000000 0.584156 8049
59195.795212 8471203900.000000 0.621595 8049
59195.795327 8471203900.000000 0.455236 8049
59195.795443 8471203800.000000 0.635897 8049
59195.795559 8471203700.000000 0.564394 8049
59195.795675 8471203700.000000 0.550584 8049
59195.795790 8471203600.000000 0.637852 8049
59195.795906 8471203500.000000 0.469347 8049
59195.796022 8471203500.000000 0.624162 8049
59195.796138 8471203400.000000 0.574185 8049
59195.796253 8471203400.000000 0.552278 8049
59195.796369 8471203300.000000 0.632857 8049
59195.796485 8471203300.000000 0.444917 8049
59195.796600 8471203200.000000 0.632679 8049
59195.796716 8471203100.000000 0.549598 8049
59195.796832 8471203100.000000 0.592081 8049
59195.796948 8471203000.000000 0.615186 8049
59195.797063 8471203000.000000 0.519253 8049
59195.797179 8471202900.000000 0.640719 8049
59195.797295 8471202800.000000 0.469971 8049
59195.797411 8471202800.000000 0.645729 8049
59195.797526 8471202700.000000 0.539510 8049
59195.797642 8471202700.000000 0.604798 8049
59195.797758 8471202600.000000 0.594589 8049
59195.797874 8471202600.000000 0.558802 8049
59195.797989 8471202500.000000 0.633562 8049
59195.798105 8471202500.000000 0.511049 8049
59195.798221 8471202400.000000 0.644786 8049
59195.798337 8471202400.000000 0.450854 8049
59195.798452 8471202300.000000 0.639936 8049
59195.798568 8471202200.000000 0.490929 8049
59195.798684 8471202200.000000 0.638300 8049
59195.798800 8471202100.000000 0.527366 8049
59195.798915 8471202100.000000 0.617785 8049
59195.799031 8471202000.000000 0.551635 8049
59195.799147 8471202000.000000 0.607694 8049
59195.799263 8471201900.000000 0.570898 8049
59195.799378 8471201900.000000 0.600740 8049
59195.799494 8471201800.000000 0.586087 8049
59195.799610 8471201800.000000 0.582287 8049
59195.799726 8471201700.000000 0.603980 8049
59195.799841 8471201700.000000 0.581320 8049
59195.799957 8471201600.000000 0.602033 8049
59195.800073 8471201600.000000 0.576230 8049
59195.800188 8471201500.000000 0.595177 8049
59195.800304 8471201500.000000 0.574599 8049
59195.800420 8471201400.000000 0.597583 8049
59195.800536 8471201400.000000 0.587043 8049
59195.800651 8471201300.000000 0.587417 8049
59195.800767 8471201300.000000 0.590032 8049
59195.800883 8471201200.000000 0.575113 8049
59195.800999 8471201200.000000 0.612480 8049
59195.801114 8471201100.000000 0.549679 8049
59195.801230 8471201100.000000 0.613115 8049
59195.801346 8471201000.000000 0.514209 8049
59195.801462 8471201000.000000 0.637783 8049
59195.801577 8471200900.000000 0.484605 8049
59195.801693 8471200900.000000 0.641116 8049
59195.801809 8471200900.000000 0.436907 8049
59195.801925 8471200800.000000 0.631999 8049
59195.802040 8471200800.000000 0.491258 8049
59195.802156 8471200700.000000 0.623246 8049
59195.802272 8471200700.000000 0.543625 8049
59195.802388 8471200600.000000 0.589512 8049
59195.802503 8471200600.000000 0.581673 8049
59195.802619 8471200500.000000 0.539945 8049
59195.802735 8471200500.000000 0.617364 8049
59195.802850 8471200400.000000 0.478416 8049
59195.802966 8471200400.000000 0.633356 8049
59195.803082 8471200400.000000 0.461731 8049
59195.803198 8471200300.000000 0.617587 8049
59195.803314 8471200300.000000 0.544396 8049
59195.803429 8471200200.000000 0.570242 8049
59195.803545 8471200200.000000 0.593687 8049
59195.803661 8471200100.000000 0.503630 8049
59195.803776 8471200100.000000 0.625961 8049
59195.803892 8471200100.000000 0.445498 8049
59195.804008 8471200000.000000 0.617126 8049
59195.804124 8471200000.000000 0.539057 8049
59195.804239 8471199900.000000 0.543304 8049
59195.804355 8471199900.000000 0.596910 8049
59195.804471 8471199800.000000 0.463132 8049
59195.804587 8471199800.000000 0.620175 8049
59195.804702 8471199800.000000 0.490216 8049
59195.804818 8471199700.000000 0.567521 8049
59195.804934 8471199700.000000 0.570571 8049
59195.805050 8471199600.000000 0.480540 8049
59195.805165 8471199600.000000 0.606291 8049
59195.805281 8471199600.000000 0.476776 8049
59195.805397 8471199500.000000 0.572198 8049
59195.805513 8471199500.000000 0.571627 8049
59195.805628 8471199400.000000 0.470859 8049
59195.805744 8471199400.000000 0.604154 8049
59195.805860 8471199400.000000 0.483939 8049
59195.805976 8471199300.000000 0.548808 8049
59195.806091 8471199300.000000 0.579241 8049
59195.806207 8471199200.000000 0.425759 8049
59195.806323 8471199200.000000 0.588642 8049
59195.806438 8471199200.000000 0.518321 8049
59195.806554 8471199100.000000 0.498339 8049
59195.806670 8471199100.000000 0.584992 8049
59195.806786 8471199100.000000 0.442915 8049
59195.806901 8471199000.000000 0.496717 8049
59195.807017 8471199000.000000 0.508193 8049
59195.807133 8471198900.000000 0.371851 8049
59195.807249 8471198900.000000 0.516706 8049
59195.807364 8471198900.000000 0.466264 8049
59195.807480 8471198800.000000 0.427324 8049
59195.807596 8471198800.000000 0.526012 8049
59195.807712 8471198800.000000 0.429264 8049
59195.807827 8471198700.000000 0.464204 8049
59195.807943 8471198700.000000 0.518391 8049
59195.808059 8471198700.000000 0.393147 8049
59195.808175 8471198600.000000 0.476408 8049
59195.808290 8471198600.000000 0.504262 8049
59195.808406 8471198600.000000 0.361257 8049
59195.808522 8471198500.000000 0.504957 8049
59195.808638 8471198500.000000 0.491518 8049
59195.808753 8471198400.000000 0.366847 8049
59195.808869 8471198400.000000 0.506235 8049
59195.808985 8471198400.000000 0.479924 8049
59195.809100 8471198300.000000 0.377815 8049
59195.809216 8471198300.000000 0.508095 8049
59195.809332 8471198300.000000 0.475943 8049
59195.809448 8471198200.000000 0.380383 8049
59195.809564 8471198200.000000 0.503013 8049
59195.809679 8471198200.000000 0.477622 8049
59195.809795 8471198100.000000 0.381623 8049
59195.809911 8471198100.000000 0.504803 8049
59195.810026 8471198100.000000 0.478240 8049
59195.810142 8471198000.000000 0.370204 8049
59195.810258 8471198000.000000 0.494234 8049
59195.810374 8471198000.000000 0.479745 8049
59195.810489 8471197900.000000 0.343431 8049
59195.810605 8471197900.000000 0.474411 8049
59195.810721 8471197900.000000 0.482955 8049
59195.810837 8471197900.000000 0.360579 8049
59195.810952 8471197800.000000 0.465070 8049
59195.811068 8471197800.000000 0.495101 8049
59195.811184 8471197800.000000 0.386799 8049
59195.811300 8471197700.000000 0.435396 8049
59195.811415 8471197700.000000 0.494345 8049
59195.811531 8471197700.000000 0.424075 8049
59195.811647 8471197600.000000 0.391614 8049
59195.811763 8471197600.000000 0.486117 8049
59195.811878 8471197600.000000 0.447953 8049
59195.811994 8471197500.000000 0.349400 8049
59195.812110 8471197500.000000 0.457216 8049
59195.812225 8471197500.000000 0.475100 8049
59195.812341 8471197500.000000 0.359903 8049
59195.812457 8471197400.000000 0.423892 8049
59195.812573 8471197400.000000 0.479063 8049
59195.812688 8471197400.000000 0.415613 8049
59195.812804 8471197300.000000 0.382041 8049
59195.812920 8471197300.000000 0.472973 8049
59195.813036 8471197300.000000 0.449910 8049
59195.813151 8471197300.000000 0.338760 8049
59195.813267 8471197200.000000 0.430875 8049
59195.813383 8471197200.000000 0.466886 8049
59195.813499 8471197200.000000 0.400025 8049
59195.813614 8471197100.000000 0.369122 8049
59195.813730 8471197100.000000 0.453828 8049
59195.813846 8471197100.000000 0.445036 8049
59195.813962 8471197100.000000 0.342363 8049
59195.814077 8471197000.000000 0.406999 8049
59195.814193 8471197000.000000 0.456115 8049
59195.814309 8471197000.000000 0.407194 8049
59195.814425 8471196900.000000 0.325733 8049
59195.814540 8471196900.000000 0.421364 8049
59195.814656 8471196900.000000 0.443756 8049
59195.814772 8471196900.000000 0.370737 8049
59195.814888 8471196800.000000 0.350886 8049
59195.815003 8471196800.000000 0.435061 8049
59195.815119 8471196800.000000 0.428889 8049
59195.815235 8471196800.000000 0.341094 8049
59195.815351 8471196700.000000 0.362540 8049
59195.815466 8471196700.000000 0.436553 8049
59195.815582 8471196700.000000 0.414691 8049
59195.815698 8471196700.000000 0.317697 8049
59195.815813 8471196600.000000 0.373919 8049
59195.815929 8471196600.000000 0.430071 8049
59195.816045 8471196600.000000 0.399066 8049
59195.816161 8471196600.000000 0.303045 8049
59195.816276 8471196500.000000 0.371425 8049
59195.816392 8471196500.000000 0.421952 8049
59195.816508 8471196500.000000 0.384840 8049
59195.816624 8471196500.000000 0.300923 8049
59195.816739 8471196400.000000 0.357917 8049
59195.816855 8471196400.000000 0.411128 8049
59195.816971 8471196400.000000 0.381615 8049
59195.817087 8471196400.000000 0.301111 8049
59195.817202 8471196300.000000 0.341070 8049
59195.817318 8471196300.000000 0.393280 8049
59195.817434 8471196300.000000 0.389567 8049
59195.817550 8471196300.000000 0.308834 8049
59195.817665 8471196200.000000 0.325248 8049
59195.817781 8471196200.000000 0.385410 8049
59195.817897 8471196200.000000 0.387167 8049
59195.818013 8471196200.000000 0.329632 8049
59195.818128 8471196100.000000 0.294429 8049
59195.818244 8471196100.000000 0.366548 8049
59195.818360 8471196100.000000 0.383809 8049
59195.818475 8471196100.000000 0.391541 8049
59195.818591 8471196100.000000 0.321696 8049
59195.818707 8471196000.000000 0.414769 8049
59195.818823 8471196000.000000 0.465946 8049
59195.818939 8471196000.000000 0.439652 8049
59195.819054 8471196000.000000 0.368922 8049
59195.819170 8471195900.000000 0.367300 8049
59195.819286 8471195900.000000 0.438911 8049
59195.819401 8471195900.000000 0.462582 8049
59195.819517 8471195900.000000 0.406266 8049
59195.819633 8471195900.000000 0.315134 8049
59195.819749 8471195800.000000 0.400710 8049
59195.819864 8471195800.000000 0.448052 8049
59195.819980 8471195800.000000 0.436730 8049
59195.820096 8471195800.000000 0.366439 8049
59195.820212 8471195700.000000 0.339693 8049
59195.820327 8471195700.000000 0.415762 8049
59195.820443 8471195700.000000 0.445438 8049
59195.820559 8471195700.000000 0.417333 8049
59195.820675 8471195700.000000 0.348305 8049
59195.820790 8471195600.000000 0.359670 8049
59195.820906 8471195600.000000 0.281717 8049
59195.821022 8471195600.000000 0.223729 8049
59195.821138 8471195600.000000 0.178229 8049
59195.821253 8471195600.000000 0.068843 8049
59195.821369 8471195500.000000 0.075147 8049
59195.821485 8471195500.000000 0.178679 8049
59195.821601 8471195500.000000 0.240006 8049
59195.821716 8471195500.000000 0.154220 8049
59195.821832 8471195500.000000 0.103960 8049
59195.821948 8471195400.000000 0.125965 8049
59195.822063 8471195400.000000 0.207008 8049
59195.822179 8471195400.000000 0.217784 8049
59195.822295 8471195400.000000 0.194857 8049
59195.822411 8471195400.000000 0.289259 8049
59195.822526 8471195300.000000 0.334764 8049
59195.822642 8471195300.000000 0.397118 8049
59195.822758 8471195300.000000 0.417449 8049
59195.822874 8471195300.000000 0.402487 8049
59195.822989 8471195300.000000 0.339566 8049
59195.823105 8471195200.000000 0.352690 8049
59195.823221 8471195200.000000 0.473420 8049
59195.823337 8471195200.000000 0.548322 8049
59195.823452 8471195200.000000 0.621759 8049
59195.823568 8471195200.000000 0.544835 8049
59195.823684 8471195200.000000 0.068210 8049
59195.829818 8471194300.000000 0.016443 8049
59195.829934 8471194300.000000 0.016406 8049
59195.830050 8471194300.000000 0.029431 8049
59195.830165 8471194300.000000 0.049866 8049
59195.830281 8471194200.000000 0.039884 8049
59195.830397 8471194200.000000 0.083457 8049
59195.830513 8471194200.000000 0.461258 8049
59195.830628 8471194200.000000 0.524175 8049
59195.830744 8471194200.000000 0.521975 8049
59195.830860 8471194200.000000 0.502063 8049
59195.830976 8471194200.000000 0.457480 8049
59195.831091 8471194200.000000 0.388041 8049
59195.831207 8471194100.000000 0.384753 8049
59195.831323 8471194100.000000 0.445927 8049
59195.831438 8471194100.000000 0.486336 8049
59195.831554 8471194100.000000 0.510576 8049
59195.831670 8471194100.000000 0.506706 8049
59195.831786 8471194100.000000 0.480345 8049
59195.831901 8471194100.000000 0.425319 8049
59195.832017 8471194100.000000 0.366177 8049
59195.832133 8471194000.000000 0.380916 8049
59195.832249 8471194000.000000 0.434076 8049
59195.832364 8471194000.000000 0.479812 8049
59195.832480 8471194000.000000 0.493255 8049
59195.832596 8471194000.000000 0.499105 8049
59195.832712 8471194000.000000 0.468265 8049
59195.832827 8471194000.000000 0.428189 8049
59195.832943 8471194000.000000 0.373794 8049
59195.833059 8471193900.000000 0.348008 8049
59195.833175 8471193900.000000 0.410429 8049
59195.833290 8471193900.000000 0.452320 8049
59195.833406 8471193900.000000 0.474444 8049
59195.833522 8471193900.000000 0.486726 8049
59195.833638 8471193900.000000 0.482852 8049
59195.833753 8471193900.000000 0.454307 8049
59195.833869 8471193900.000000 0.399680 8049
59195.833985 8471193900.000000 0.346242 8049
59195.834100 8471193800.000000 0.374170 8049
59195.834216 8471193800.000000 0.416694 8049
59195.834332 8471193800.000000 0.459441 8049
59195.834448 8471193800.000000 0.486392 8049
59195.834564 8471193800.000000 0.481730 8049
59195.834679 8471193800.000000 0.473022 8049
59195.834795 8471193800.000000 0.437931 8049
59195.834911 8471193800.000000 0.392805 8049
59195.835026 8471193800.000000 0.346560 8049
59195.835142 8471193700.000000 0.354525 8049
59195.835258 8471193700.000000 0.401036 8049
59195.835374 8471193700.000000 0.437100 8049
59195.835489 8471193700.000000 0.458872 8049
59195.835605 8471193700.000000 0.470883 8049
59195.835721 8471193700.000000 0.454794 8049
59195.835837 8471193700.000000 0.440582 8049
59195.835952 8471193700.000000 0.400759 8049
59195.836068 8471193700.000000 0.359981 8049
59195.836184 8471193700.000000 0.310968 8049
59195.836300 8471193600.000000 0.351344 8049
59195.836415 8471193600.000000 0.388203 8049
59195.836531 8471193600.000000 0.425465 8049
59195.836647 8471193600.000000 0.438109 8049
59195.836763 8471193600.000000 0.443083 8049
59195.836878 8471193600.000000 0.440716 8049
59195.836994 8471193600.000000 0.414928 8049
59195.837110 8471193600.000000 0.387008 8049
59195.837226 8471193600.000000 0.354150 8049
59195.837341 8471193600.000000 0.306327 8049
59195.837457 8471193500.000000 0.320704 8049
59195.837573 8471193500.000000 0.362689 8049
59195.837688 8471193500.000000 0.380957 8049
59195.837804 8471193500.000000 0.410511 8049
59195.837920 8471193500.000000 0.423138 8049
59195.838036 8471193500.000000 0.418223 8049
59195.838151 8471193500.000000 0.415393 8049
59195.838267 8471193500.000000 0.381613 8049
59195.838383 8471193500.000000 0.362575 8049
59195.838499 8471193500.000000 0.319535 8049
59195.838614 8471193500.000000 0.286355 8049
59195.838730 8471193400.000000 0.300681 8049
59195.838846 8471193400.000000 0.332318 8049
59195.838962 8471193400.000000 0.358172 8049
59195.839077 8471193400.000000 0.381006 8049
59195.839193 8471193400.000000 0.390520 8049
59195.839309 8471193400.000000 0.396728 8049
59195.839425 8471193400.000000 0.386853 8049
59195.839540 8471193400.000000 0.378673 8049
59195.839656 8471193400.000000 0.355579 8049
59195.839772 8471193400.000000 0.322035 8049
59195.839888 8471193400.000000 0.293193 8049
59195.840003 8471193400.000000 0.258736 8049
59195.840119 8471193300.000000 0.285432 8049
59195.840235 8471193300.000000 0.308968 8049
59195.840350 8471193300.000000 0.331659 8049
59195.840466 8471193300.000000 0.347421 8049
59195.840582 8471193300.000000 0.352794 8049
59195.840698 8471193300.000000 0.363700 8049
59195.840814 8471193300.000000 0.354307 8049
59195.840929 8471193300.000000 0.347775 8049
59195.841045 8471193300.000000 0.332189 8049
59195.841161 8471193300.000000 0.306058 8049
59195.841276 8471193300.000000 0.288836 8049
59195.841392 8471193300.000000 0.258483 8049
59195.841508 8471193300.000000 0.232670 8049
59195.841624 8471193200.000000 0.254716 8049
59195.841739 8471193200.000000 0.273087 8049
59195.841855 8471193200.000000 0.297503 8049
59195.841971 8471193200.000000 0.307545 8049
59195.842087 8471193200.000000 0.317879 8049
59195.842202 8471193200.000000 0.325724 8049
59195.842318 8471193200.000000 0.320741 8049
59195.842434 8471193200.000000 0.316884 8049
59195.842550 8471193200.000000 0.305585 8049
59195.842665 8471193200.000000 0.295922 8049
59195.842781 8471193200.000000 0.282898 8049
59195.842897 8471193200.000000 0.252402 8049
59195.843013 8471193200.000000 0.234464 8049
59195.843128 8471193200.000000 0.217392 8049
59195.843244 8471193100.000000 0.221235 8049
59195.843360 8471193100.000000 0.241945 8049
59195.843475 8471193100.000000 0.255898 8049
59195.843591 8471193100.000000 0.270466 8049
59195.843707 8471193100.000000 0.282532 8049
59195.843823 8471193100.000000 0.283337 8049
59195.843938 8471193100.000000 0.291376 8049
59195.844054 8471193100.000000 0.287675 8049
59195.844170 8471193100.000000 0.285942 8049
59195.844286 8471193100.000000 0.271914 8049
59195.844401 8471193100.000000 0.261805 8049
59195.844517 8471193100.000000 0.251339 8049
59195.844633 8471193100.000000 0.233869 8049
59195.844749 8471193100.000000 0.223007 8049
59195.844864 8471193100.000000 0.202441 8049
59195.844980 8471193100.000000 0.180665 8049
59195.845096 8471193000.000000 0.191595 8049
59195.845212 8471193000.000000 0.200732 8049
59195.845327 8471193000.000000 0.211457 8049
59195.845443 8471193000.000000 0.226739 8049
59195.845559 8471193000.000000 0.234273 8049
59195.845675 8471193000.000000 0.236456 8049
59195.845790 8471193000.000000 0.238076 8049
59195.845906 8471193000.000000 0.237803 8049
59195.846022 8471193000.000000 0.242253 8049
59195.846138 8471193000.000000 0.236416 8049
59195.846253 8471193000.000000 0.236944 8049
59195.846369 8471193000.000000 0.233441 8049
59195.846485 8471193000.000000 0.223736 8049
59195.846601 8471193000.000000 0.215973 8049
59195.846716 8471193000.000000 0.203097 8049
59195.846832 8471193000.000000 0.187274 8049
59195.846948 8471193000.000000 0.177294 8049
59195.847063 8471193000.000000 0.160844 8049
59195.847179 8471192900.000000 0.155542 8049
59195.847295 8471192900.000000 0.162287 8049
59195.847411 8471192900.000000 0.173741 8049
59195.847526 8471192900.000000 0.178355 8049
59195.847642 8471192900.000000 0.182672 8049
59195.847758 8471192900.000000 0.194204 8049
59195.847874 8471192900.000000 0.196923 8049
59195.847989 8471192900.000000 0.199783 8049
59195.848105 8471192900.000000 0.198335 8049
59195.848221 8471192900.000000 0.197186 8049
59195.848337 8471192900.000000 0.199841 8049
59195.848452 8471192900.000000 0.194577 8049
59195.848568 8471192900.000000 0.192902 8049
59195.848684 8471192900.000000 0.193238 8049
59195.848800 8471192900.000000 0.185886 8049
59195.848915 8471192900.000000 0.178152 8049
59195.849031 8471192900.000000 0.175164 8049
59195.849147 8471192900.000000 0.156828 8049
59195.849263 8471192900.000000 0.159313 8049
59195.849378 8471192900.000000 0.146591 8049
59195.849494 8471192900.000000 0.140740 8049
59195.849610 8471192900.000000 0.136159 8049
59195.849725 8471192900.000000 0.122648 8049
59195.849841 8471192800.000000 0.123816 8049
59195.849957 8471192800.000000 0.126379 8049
59195.850073 8471192800.000000 0.131414 8049
59195.850189 8471192800.000000 0.137085 8049
59195.850304 8471192800.000000 0.138348 8049
59195.850420 8471192800.000000 0.141727 8049
59195.850536 8471192800.000000 0.143937 8049
59195.850651 8471192800.000000 0.147628 8049
59195.850767 8471192800.000000 0.152186 8049
59195.850883 8471192800.000000 0.153224 8049
59195.850999 8471192800.000000 0.151239 8049
59195.851114 8471192800.000000 0.154728 8049
59195.851230 8471192800.000000 0.153259 8049
59195.851346 8471192800.000000 0.148932 8049
59195.851462 8471192800.000000 0.151052 8049
59195.851577 8471192800.000000 0.149526 8049
59195.851693 8471192800.000000 0.144304 8049
59195.851809 8471192800.000000 0.141457 8049
59195.851925 8471192800.000000 0.139795 8049
59195.852040 8471192800.000000 0.131286 8049
59195.852156 8471192800.000000 0.129382 8049
59195.852272 8471192800.000000 0.125808 8049
59195.852388 8471192800.000000 0.120462 8049
59195.852503 8471192800.000000 0.117953 8049
59195.852619 8471192800.000000 0.216770 8049
59195.852735 8471192800.000000 0.320122 8049
59195.852851 8471192800.000000 0.337004 8049
59195.852966 8471192800.000000 0.381974 8049
59195.853082 8471192800.000000 0.371133 8049
59195.853198 8471192800.000000 0.348337 8049
59195.853313 8471192800.000000 0.340238 8049
59195.853429 8471192700.000000 0.330270 8049
59195.853545 8471192700.000000 0.346362 8049
59195.853661 8471192700.000000 0.352155 8049
59195.853776 8471192700.000000 0.363765 8049
59195.853892 8471192700.000000 0.381160 8049
59195.854008 8471192700.000000 0.381295 8049
59195.854124 8471192700.000000 0.390130 8049
59195.854239 8471192700.000000 0.401341 8049
59195.854355 8471192700.000000 0.400641 8049
59195.854471 8471192700.000000 0.415690 8049
59195.854587 8471192700.000000 0.407151 8049
59195.854702 8471192700.000000 0.416631 8049
59195.854818 8471192700.000000 0.420639 8049
59195.854934 8471192700.000000 0.419383 8049
59195.855050 8471192700.000000 0.429769 8049
59195.855165 8471192700.000000 0.433277 8049
59195.855281 8471192700.000000 0.426771 8049
59195.855397 8471192700.000000 0.432923 8049
59195.855513 8471192700.000000 0.429518 8049
59195.855628 8471192700.000000 0.433618 8049
59195.855744 8471192700.000000 0.437314 8049
59195.855860 8471192700.000000 0.439517 8049
59195.855975 8471192700.000000 0.435431 8049
59195.856091 8471192700.000000 0.430058 8049
59195.856207 8471192700.000000 0.423657 8049
59195.856323 8471192700.000000 0.425454 8049
59195.856439 8471192700.000000 0.423101 8049
59195.856554 8471192700.000000 0.416966 8049
59195.856670 8471192700.000000 0.408331 8049
59195.856786 8471192700.000000 0.403048 8049
59195.856901 8471192700.000000 0.408712 8049
59195.857017 8471192700.000000 0.402513 8049
59195.857133 8471192700.000000 0.395188 8049
59195.857249 8471192700.000000 0.394655 8049
59195.857364 8471192700.000000 0.389740 8049
59195.857480 8471192700.000000 0.385392 8049
59195.857596 8471192700.000000 0.383156 8049
59195.857712 8471192700.000000 0.377768 8049
59195.857827 8471192700.000000 0.371536 8049
59195.857943 8471192700.000000 0.371834 8049
59195.858059 8471192700.000000 0.358098 8049
59195.858175 8471192700.000000 0.356994 8049
59195.858290 8471192700.000000 0.345746 8049
59195.858406 8471192700.000000 0.344817 8049
59195.858522 8471192700.000000 0.341980 8049
59195.858638 8471192700.000000 0.338206 8049
59195.858753 8471192700.000000 0.330639 8049
59195.858869 8471192700.000000 0.326602 8049
59195.858985 8471192700.000000 0.331731 8049
59195.859100 8471192700.000000 0.321136 8049
59195.859216 8471192700.000000 0.322941 8049
59195.859332 8471192700.000000 0.316815 8049
59195.859448 8471192700.000000 0.310708 8049
59195.859563 8471192700.000000 0.304861 8049
59195.859679 8471192700.000000 0.298913 8049
59195.859795 8471192700.000000 0.282274 8049
59195.859911 8471192700.000000 0.297196 8049
59195.860026 8471192700.000000 0.295144 8049
59195.860142 8471192700.000000 0.297638 8049
59195.860258 8471192700.000000 0.297180 8049
59195.860374 8471192700.000000 0.294011 8049
59195.860489 8471192700.000000 0.288599 8049
59195.860605 8471192700.000000 0.287444 8049
59195.860721 8471192700.000000 0.288576 8049
59195.860837 8471192700.000000 0.278293 8049
59195.860952 8471192700.000000 0.289937 8049
59195.861068 8471192700.000000 0.283964 8049
59195.861184 8471192700.000000 0.281730 8049
59195.861300 8471192700.000000 0.276774 8049
59195.861415 8471192700.000000 0.274470 8049
59195.861531 8471192700.000000 0.277752 8049
59195.861647 8471192700.000000 0.273400 8049
59195.861763 8471192700.000000 0.271656 8049
59195.861878 8471192700.000000 0.271090 8049
59195.861994 8471192700.000000 0.269255 8049
59195.862110 8471192700.000000 0.276982 8049
59195.862226 8471192700.000000 0.265485 8049
59195.862341 8471192700.000000 0.259171 8049
59195.862457 8471192700.000000 0.265099 8049
59195.862573 8471192700.000000 0.262231 8049
59195.862688 8471192700.000000 0.261471 8049
59195.862804 8471192700.000000 0.262667 8049
59195.862920 8471192700.000000 0.258139 8049
59195.863036 8471192700.000000 0.261212 8049
59195.863151 8471192700.000000 0.140487 8049
59195.863267 8471228200.000000 0.358227 8049
59195.863383 8471228100.000000 0.303625 8049
59195.863499 8471228200.000000 0.293986 8049
59195.863614 8471228200.000000 0.346226 8049
59195.863730 8471228200.000000 0.379409 8049
59195.863846 8471228200.000000 0.392772 8049
59195.863962 8471228200.000000 0.400640 8049
59195.864077 8471228200.000000 0.397908 8049
59195.864193 8471228200.000000 0.401612 8049
59195.864309 8471228200.000000 0.395664 8049
59195.864425 8471228200.000000 0.395773 8049
59195.864540 8471228200.000000 0.392654 8049
59195.864656 8471228200.000000 0.394883 8049
59195.864772 8471228200.000000 0.381508 8049
59195.864888 8471228200.000000 0.376130 8049
59195.865003 8471228200.000000 0.383910 8049
59195.865119 8471228200.000000 0.371781 8049
59195.865235 8471228200.000000 0.356293 8049
59195.865350 8471228200.000000 0.356620 8049
59195.865466 8471228200.000000 0.336046 8049
59195.865582 8471228200.000000 0.342625 8049
59195.865698 8471228200.000000 0.328969 8049
59195.865814 8471228200.000000 0.319380 8049
59195.865929 8471228200.000000 0.313080 8049
59195.866045 8471228200.000000 0.298393 8049
59195.866161 8471228200.000000 0.291944 8049
59195.866276 8471228200.000000 0.284350 8049
59195.866392 8471228200.000000 0.278677 8049
59195.866508 8471228200.000000 0.264828 8049
59195.866624 8471228200.000000 0.251273 8049
59195.866739 8471228100.000000 0.243184 8049
59195.866855 8471228100.000000 0.248325 8049
59195.866971 8471228100.000000 0.258973 8049
59195.867087 8471228100.000000 0.262591 8049
59195.867202 8471228100.000000 0.272130 8049
59195.867318 8471228100.000000 0.273841 8049
59195.867434 8471228100.000000 0.283504 8049
59195.867550 8471228100.000000 0.282283 8049
59195.867665 8471228100.000000 0.279918 8049
59195.867781 8471228100.000000 0.285680 8049
59195.867897 8471228100.000000 0.298176 8049
59195.868013 8471228100.000000 0.291583 8049
59195.868128 8471228100.000000 0.308605 8049
59195.868244 8471228100.000000 0.307359 8049
59195.868360 8471228100.000000 0.301874 8049
59195.868476 8471228100.000000 0.309111 8049
59195.868591 8471228100.000000 0.316034 8049
59195.868707 8471228100.000000 0.314410 8049
59195.868823 8471228100.000000 0.306716 8049
59195.868938 8471228100.000000 0.310429 8049
59195.869054 8471228100.000000 0.305299 8049
59195.869170 8471228100.000000 0.307735 8049
59195.869286 8471228100.000000 0.296209 8049
59195.869401 8471228100.000000 0.303136 8049
59195.869517 8471228100.000000 0.295627 8049
59195.869633 8471228100.000000 0.285250 8049
59195.869749 8471228100.000000 0.292915 8049
59195.869864 8471228100.000000 0.290073 8049
59195.869980 8471228100.000000 0.286599 8049
59195.870096 8471228100.000000 0.282772 8049
59195.870212 8471228100.000000 0.272859 8049
59195.870327 8471228100.000000 0.269692 8049
59195.870443 8471228100.000000 0.260454 8049
59195.870559 8471228100.000000 0.255189 8049
59195.870675 8471228100.000000 0.261729 8049
59195.870790 8471228100.000000 0.247737 8049
59195.870906 8471228100.000000 0.242641 8049
59195.871022 8471228100.000000 0.243435 8049
59195.871138 8471228100.000000 0.234259 8049
59195.871253 8471228100.000000 0.230354 8049
59195.871369 8471228100.000000 0.221321 8049
59195.871485 8471228100.000000 0.215109 8049
59195.871600 8471228100.000000 0.209633 8049
59195.871716 8471228100.000000 0.209659 8049
59195.871832 8471228100.000000 0.202451 8049
59195.871948 8471228100.000000 0.198321 8049
59195.872064 8471228100.000000 0.197985 8049
59195.872179 8471228100.000000 0.182862 8049
59195.872295 8471228100.000000 0.181636 8049
59195.872411 8471228100.000000 0.172652 8049
59195.872526 8471228100.000000 0.167315 8049
59195.872642 8471228000.000000 0.159021 8049
59195.872758 8471228000.000000 0.171658 8049
59195.872874 8471228000.000000 0.169935 8049
59195.872989 8471228000.000000 0.170776 8049
59195.873105 8471228000.000000 0.175770 8049
59195.873221 8471228000.000000 0.178740 8049
59195.873337 8471228000.000000 0.181702 8049
59195.873452 8471228000.000000 0.177815 8049
59195.873568 8471228000.000000 0.184177 8049
59195.873684 8471228000.000000 0.187017 8049
59195.873800 8471228000.000000 0.187053 8049
59195.873915 8471228000.000000 0.191850 8049
59195.874031 8471228000.000000 0.189682 8049
59195.874147 8471228000.000000 0.190428 8049
59195.874263 8471228000.000000 0.192905 8049
59195.874378 8471228000.000000 0.191974 8049
59195.874494 8471228000.000000 0.198473 8049
59195.874610 8471228000.000000 0.200057 8049
59195.874725 8471228000.000000 0.196239 8049
59195.874841 8471228000.000000 0.198541 8049
59195.874957 8471228000.000000 0.199208 8049
59195.875073 8471228000.000000 0.195420 8049
59195.875188 8471228000.000000 0.199848 8049
59195.875304 8471228000.000000 0.194656 8049
59195.875420 8471228000.000000 0.191814 8049
59195.875536 8471228000.000000 0.193411 8049
59195.875651 8471228000.000000 0.193584 8049
59195.875767 8471228000.000000 0.188206 8049
59195.875883 8471228000.000000 0.190326 8049
59195.875999 8471228000.000000 0.190860 8049
59195.876114 8471228000.000000 0.193905 8049
59195.876230 8471228000.000000 0.189544 8049
59195.876346 8471228000.000000 0.189434 8049
59195.876462 8471228000.000000 0.180613 8049
59195.876577 8471228000.000000 0.188407 8049
59195.876693 8471228000.000000 0.183072 8049
59195.876809 8471228000.000000 0.178391 8049
59195.876925 8471228000.000000 0.180636 8049
59195.877040 8471228000.000000 0.178622 8049
59195.877156 8471228000.000000 0.175692 8049
59195.877272 8471228000.000000 0.176402 8049
59195.877388 8471228000.000000 0.173060 8049
59195.877503 8471228000.000000 0.169982 8049
59195.877619 8471228000.000000 0.170217 8049
59195.877735 8471228000.000000 0.161606 8049
59195.877851 8471228000.000000 0.166301 8049
59195.877966 8471228000.000000 0.161061 8049
59195.878082 8471228000.000000 0.158663 8049
59195.878198 8471228000.000000 0.160728 8049
59195.878313 8471228000.000000 0.160766 8049
59195.878429 8471228000.000000 0.158648 8049
59195.878545 8471228000.000000 0.153239 8049
59195.878661 8471228000.000000 0.153414 8049
59195.878776 8471228000.000000 0.149863 8049
59195.878892 8471228000.000000 0.149064 8049
59195.879008 8471228000.000000 0.145155 8049
59195.879124 8471228000.000000 0.144570 8049
59195.879239 8471228000.000000 0.142827 8049
59195.879355 8471228000.000000 0.140847 8049
59195.879471 8471228000.000000 0.141371 8049
59195.879587 8471228000.000000 0.135643 8049
59195.879702 8471228000.000000 0.131782 8049
59195.879818 8471228000.000000 0.694494 8049
59195.879934 8471228000.000000 0.805091 8049
59195.880050 8471228000.000000 0.793646 8049
59195.880165 8471228000.000000 0.772208 8049
59195.880281 8471228000.000000 0.771724 8049
59195.880397 8471228000.000000 0.769903 8049
59195.880513 8471228000.000000 0.758344 8049
59195.880628 8471228000.000000 0.742717 8049
59195.880744 8471228000.000000 0.759080 8049
59195.880860 8471228000.000000 0.741990 8049
59195.880975 8471228000.000000 0.738170 8049
59195.881091 8471228000.000000 0.723296 8049
59195.881207 8471228000.000000 0.725590 8049
59195.881323 8471228000.000000 0.724482 8049
59195.881439 8471228000.000000 0.720137 8049
59195.881554 8471228000.000000 0.706515 8049
59195.881670 8471228000.000000 0.709092 8049
59195.881786 8471228000.000000 0.699707 8049
59195.881901 8471228000.000000 0.690758 8049
59195.882017 8471228000.000000 0.700680 8049
59195.882133 8471228000.000000 0.691799 8049
59195.882249 8471228000.000000 0.676754 8049
59195.882364 8471228000.000000 0.668313 8049
59195.882480 8471228000.000000 0.655779 8049
59195.882596 8471228000.000000 0.655704 8049
59195.882712 8471228000.000000 0.636134 8049
59195.882827 8471228000.000000 0.650081 8049
59195.882943 8471228000.000000 0.641607 8049
59195.883059 8471228000.000000 0.634990 8049
59195.883175 8471228000.000000 0.622009 8049
59195.883290 8471228000.000000 0.629985 8049
59195.883406 8471228000.000000 0.610707 8049
59195.883522 8471228000.000000 0.615598 8049
59195.883638 8471228000.000000 0.613079 8049
59195.883753 8471228000.000000 0.618285 8049
59195.883869 8471228000.000000 0.604532 8049
59195.883985 8471228000.000000 0.593551 8049
59195.884101 8471228000.000000 0.595076 8049
59195.884216 8471228000.000000 0.592264 8049
59195.884332 8471228000.000000 0.587315 8049
59195.884448 8471228000.000000 0.566043 8049
59195.884563 8471228000.000000 0.582036 8049
59195.884679 8471228000.000000 0.576667 8049
59195.884795 8471228000.000000 0.572324 8049
59195.884911 8471228000.000000 0.568339 8049
59195.885026 8471228000.000000 0.569628 8049
59195.885142 8471228000.000000 0.569770 8049
59195.885258 8471228000.000000 0.562834 8049
59195.885374 8471228000.000000 0.533874 8049
59195.885489 8471228000.000000 0.542047 8049
59195.885605 8471228000.000000 0.551468 8049
59195.885721 8471228000.000000 0.535806 8049
59195.885837 8471228000.000000 0.531225 8049
59195.885952 8471228000.000000 0.537045 8049
59195.886068 8471228000.000000 0.527385 8049
59195.886184 8471228000.000000 0.531963 8049
59195.886300 8471228000.000000 0.515310 8049
59195.886415 8471228000.000000 0.520061 8049
59195.886531 8471228000.000000 0.504144 8049
59195.886647 8471228000.000000 0.515070 8049
59195.886763 8471228000.000000 0.500913 8049
59195.886878 8471228000.000000 0.507128 8049
59195.886994 8471228000.000000 0.512854 8049
59195.887110 8471228000.000000 0.485674 8049
59195.887225 8471228000.000000 0.488180 8049
59195.887341 8471228000.000000 0.490116 8049
59195.887457 8471228000.000000 0.497069 8049
59195.887573 8471228000.000000 0.506979 8049
59195.887689 8471228000.000000 0.508845 8049
59195.887804 8471228000.000000 0.485905 8049
59195.887920 8471228000.000000 0.489039 8049
59195.888036 8471228000.000000 0.474158 8049
59195.888151 8471228000.000000 0.474844 8049
59195.888267 8471228000.000000 0.475838 8049
59195.888383 8471228000.000000 0.473543 8049
59195.888499 8471228000.000000 0.479554 8049
59195.888614 8471228000.000000 0.480958 8049
59195.888730 8471228000.000000 0.482703 8049
59195.888846 8471228000.000000 0.488059 8049
59195.888962 8471228000.000000 0.483476 8049
59195.889077 8471228000.000000 0.475652 8049
59195.889193 8471228000.000000 0.489047 8049
59195.889309 8471228000.000000 0.474243 8049
59195.889425 8471228000.000000 0.473660 8049
59195.889540 8471228000.000000 0.462935 8049
59195.889656 8471228000.000000 0.467378 8049
59195.889772 8471228000.000000 0.457934 8049
59195.889888 8471228000.000000 0.461409 8049
59195.890003 8471228000.000000 0.459684 8049
59195.890119 8471228000.000000 0.463639 8049
59195.890235 8471228000.000000 0.458137 8049
59195.890350 8471228000.000000 0.457916 8049
59195.890466 8471228000.000000 0.466679 8049
59195.890582 8471228000.000000 0.456373 8049
59195.890698 8471228000.000000 0.461782 8049
59195.890813 8471228000.000000 0.445876 8049
59195.890929 8471228000.000000 0.450601 8049
59195.891045 8471228000.000000 0.447287 8049
59195.891161 8471228000.000000 0.453029 8049
59195.891276 8471228000.000000 0.445382 8049
59195.891392 8471228000.000000 0.451295 8049
59195.891508 8471228000.000000 0.435566 8049
59195.891624 8471228000.000000 0.443979 8049
59195.891739 8471228000.000000 0.438444 8049
59195.891855 8471228000.000000 0.433542 8049
59195.891971 8471228000.000000 0.504973 8049
59195.892087 8471228000.000000 0.622094 8049
59195.892202 8471228000.000000 0.746169 8049
59195.892318 8471228000.000000 0.871599 8049
59195.892434 8471228000.000000 0.947013 8049
59195.892550 8471228000.000000 0.986974 8049
59195.892665 8471228000.000000 0.977100 8049
59195.892781 8471228000.000000 0.933385 8049
59195.892897 8471228000.000000 0.857465 8049
59195.893013 8471228000.000000 0.754493 8049
59195.893128 8471228000.000000 0.630073 8049
59195.893244 8471228000.000000 0.488829 8049
59195.893360 8471228000.000000 0.374670 8049
59195.893476 8471228000.000000 0.275884 8049
59195.893591 8471228000.000000 0.183797 8049
59195.893707 8471228000.000000 0.123075 8049
59195.893823 8471228000.000000 0.077351 8049
59195.893938 8471228000.000000 0.050407 8049
59195.894054 8471228000.000000 0.032180 8049
59195.894170 8471228000.000000 0.021305 8049
