59198.744358	8471303350.000	3.147223	8049
59198.744578	8471303325.000	3.323467	8049
59198.744659	8471303325.000	2.728574	8049
59198.744740	8471303325.000	3.046897	8049
59198.744774	8471303325.000	3.172327	8049
59198.744890	8471303325.000	3.112518	8049
59198.744948	8471303325.000	3.217842	8049
59198.744971	8471303325.000	3.250451	8049
59198.745133	8471303300.000	3.380796	8049
59198.745214	8471303300.000	3.796519	8049
59198.745249	8471303300.000	3.180642	8049
59198.745295	8471303300.000	3.512121	8049
59198.745341	8471303300.000	3.166569	8049
59198.745365	8471303300.000	3.214211	8049
59198.745399	8471303300.000	3.057031	8049
59198.745434	8471303300.000	3.472147	8049
59198.745538	8471303300.000	3.030815	8049
59198.745561	8471303300.000	3.574953	8049
59198.745573	8471303275.000	3.278361	8049
59198.745758	8471303275.000	3.036871	8049
59198.745781	8471303275.000	3.346833	8049
59198.745816	8471303275.000	3.671373	8049
59198.745839	8471303275.000	3.273333	8049
59198.745909	8471303275.000	3.045987	8049
59198.745932	8471303275.000	2.979981	8049
59198.745978	8471303275.000	3.741828	8049
59198.745990	8471303275.000	3.128863	8049
59198.746001	8471303275.000	3.050112	8049
59198.746024	8471303275.000	3.322625	8049
59198.746117	8471303275.000	3.306109	8049
59198.746128	8471303275.000	4.101075	8049
59198.746267	8471303250.000	3.267174	8049
59198.746360	8471303250.000	3.355865	8049
59198.746406	8471303250.000	3.236608	8049
59198.746418	8471303250.000	3.206345	8049
59198.746476	8471303250.000	3.058833	8049
59198.746568	8471303250.000	3.760348	8049
59198.746580	8471303250.000	2.856268	8049
59198.746615	8471303250.000	3.488386	8049
59198.772760	8471302200.000	3.238526	8049
59198.772865	8471302200.000	3.366328	8049
59198.772876	8471302200.000	2.935924	8049
59198.773015	8471302175.000	3.612533	8049
59198.773073	8471302200.000	2.999804	8049
59198.773096	8471302175.000	3.093233	8049
59198.773131	8471302200.000	3.579946	8049
59198.773166	8471302175.000	3.418921	8049
59198.773200	8471302175.000	3.300844	8049
59198.773223	8471302175.000	3.067847	8049
59198.773235	8471302175.000	3.255994	8049
59198.773247	8471302175.000	3.186724	8049
59198.773270	8471302175.000	3.528173	8049
59198.773316	8471302175.000	3.459203	8049
59198.773328	8471302175.000	3.182196	8049
59198.773339	8471302175.000	3.402653	8049
59198.773351	8471302175.000	3.198327	8049
59198.773362	8471302175.000	3.504393	8049
59198.773385	8471302175.000	3.294505	8049
59198.773409	8471302175.000	3.713501	8049
59198.773490	8471302175.000	3.611704	8049
59198.773501	8471302175.000	3.802863	8049
59198.773513	8471302175.000	3.216935	8049
59198.773524	8471302175.000	3.761133	8049
59198.773536	8471302175.000	3.131970	8049
59198.773571	8471302175.000	3.785749	8049
59198.773605	8471302175.000	3.641504	8049
59198.773628	8471302175.000	2.925160	8049
59198.773652	8471302175.000	3.297012	8049
59198.773686	8471302175.000	3.135609	8049
59198.773709	8471302175.000	3.688268	8049
59198.773744	8471302150.000	2.901050	8049
59198.773779	8471302150.000	3.504955	8049
59198.773802	8471302175.000	2.951162	8049
59198.773837	8471302150.000	3.164662	8049
59198.773860	8471302150.000	2.816591	8049
59198.773872	8471302150.000	3.071247	8049
59198.773883	8471302150.000	3.312047	8049
59198.773895	8471302150.000	3.335019	8049
59198.773906	8471302150.000	3.798968	8049
59198.773929	8471302150.000	3.125551	8049
59198.773941	8471302150.000	3.585085	8049
59198.773976	8471302150.000	3.863557	8049
59198.773987	8471302150.000	3.939423	8049
59198.773999	8471302150.000	3.650635	8049
59198.774022	8471302150.000	3.411671	8049
59198.774034	8471302150.000	3.433728	8049
59198.774045	8471302150.000	4.066575	8049
59198.774057	8471302150.000	3.136524	8049
59198.774068	8471302150.000	3.877874	8049
59198.774091	8471302150.000	3.391895	8049
59198.774103	8471302150.000	3.335815	8049
59198.774126	8471302150.000	3.261202	8049
59198.774311	8471302150.000	3.345517	8049
59198.774381	8471302150.000	3.461620	8049
59198.774427	8471302125.000	3.288871	8049
59198.774450	8471302125.000	3.086476	8049
59198.774520	8471302125.000	2.915631	8049
59198.774543	8471302125.000	3.216830	8049
59198.774554	8471302125.000	3.735004	8049
59198.774566	8471302125.000	3.581952	8049
59198.774578	8471302125.000	4.040123	8049
59198.774589	8471302125.000	3.292312	8049
59198.774612	8471302125.000	3.994816	8049
59198.774624	8471302125.000	3.299012	8049
59198.774635	8471302125.000	3.008348	8049
59198.774659	8471302125.000	3.478814	8049
59198.774670	8471302125.000	3.310285	8049
59198.774682	8471302125.000	2.941096	8049
59198.774693	8471302125.000	3.027377	8049
59198.774705	8471302125.000	4.056503	8049
59198.774716	8471302125.000	3.085368	8049
59198.774728	8471302125.000	3.274166	8049
59198.774740	8471302125.000	4.892913	8049
59198.774751	8471302125.000	3.405326	8049
59198.774763	8471302125.000	3.197126	8049
59198.774774	8471302125.000	3.144838	8049
59198.774786	8471302125.000	3.972371	8049
59198.774797	8471302125.000	3.659220	8049
59198.774821	8471302125.000	3.359449	8049
59198.774832	8471302125.000	3.106524	8049
59198.774844	8471302125.000	4.648593	8049
59198.774855	8471302125.000	3.172218	8049
59198.774878	8471302125.000	4.011609	8049
59198.774890	8471302125.000	4.355726	8049
59198.774902	8471302125.000	4.048902	8049
59198.774913	8471302125.000	3.532396	8049
59198.774925	8471302125.000	3.891086	8049
59198.774936	8471302125.000	2.965845	8049
59198.774959	8471302125.000	3.125669	8049
59198.774971	8471302125.000	3.250727	8049
59198.774983	8471302125.000	2.972831	8049
59198.774994	8471302125.000	4.160058	8049
59198.775006	8471302125.000	4.090524	8049
59198.775029	8471302125.000	4.235598	8049
59198.775041	8471302125.000	3.720119	8049
59198.775052	8471302125.000	3.552266	8049
59198.775064	8471302100.000	3.040423	8049
59198.775075	8471302100.000	4.276020	8049
59198.775098	8471302125.000	3.310389	8049
59198.775110	8471302100.000	3.208992	8049
59198.775122	8471302100.000	4.414370	8049
59198.775133	8471302100.000	4.098964	8049
59198.775145	8471302125.000	3.222196	8049
59198.775156	8471302100.000	3.853770	8049
59198.775179	8471302100.000	2.851810	8049
59198.775191	8471302100.000	3.833041	8049
59198.775203	8471302100.000	3.452869	8049
59198.775214	8471302100.000	5.254241	8049
59198.775226	8471302100.000	4.327055	8049
59198.775237	8471302100.000	3.823542	8049
59198.775249	8471302100.000	3.273175	8049
59198.775260	8471302100.000	3.691975	8049
59198.775272	8471302100.000	3.778415	8049
59198.775284	8471302100.000	3.248561	8049
59198.775295	8471302100.000	4.690145	8049
59198.775307	8471302100.000	3.397224	8049
59198.775318	8471302100.000	4.131979	8049
59198.775330	8471302100.000	4.936084	8049
59198.775341	8471302100.000	3.679852	8049
59198.775353	8471302100.000	3.022765	8049
59198.775365	8471302100.000	4.752690	8049
59198.775376	8471302100.000	4.965468	8049
59198.775388	8471302100.000	4.175431	8049
59198.775399	8471302100.000	4.851254	8049
59198.775411	8471302100.000	4.332825	8049
59198.775422	8471302100.000	4.954765	8049
59198.775434	8471302100.000	4.565545	8049
59198.775446	8471302100.000	4.089665	8049
59198.775457	8471302100.000	4.376723	8049
59198.775469	8471302100.000	4.153602	8049
59198.775480	8471302100.000	4.125632	8049
59198.775492	8471302100.000	3.249716	8049
59198.775503	8471302100.000	3.187900	8049
59198.775515	8471302100.000	3.272607	8049
59198.775527	8471302100.000	4.941720	8049
59198.775538	8471302100.000	4.490357	8049
59198.775550	8471302100.000	3.232882	8049
59198.775561	8471302100.000	4.566938	8049
59198.775573	8471302100.000	4.208781	8049
59198.775584	8471302100.000	4.050639	8049
59198.775596	8471302100.000	4.597925	8049
59198.775608	8471302100.000	4.138718	8049
59198.775619	8471302100.000	3.573377	8049
59198.775631	8471302100.000	4.169170	8049
59198.775642	8471302100.000	5.072783	8049
59198.775654	8471302100.000	4.272778	8049
59198.775666	8471302100.000	3.975723	8049
59198.775677	8471302100.000	3.167258	8049
59198.775689	8471302100.000	3.429204	8049
59198.775700	8471302100.000	3.314429	8049
59198.775712	8471302100.000	4.140016	8049
59198.775723	8471302100.000	3.360564	8049
59198.775735	8471302100.000	4.417129	8049
59198.775747	8471302100.000	3.799296	8049
59198.775758	8471302100.000	3.569191	8049
59198.775770	8471302100.000	2.945037	8049
59198.775793	8471302100.000	3.971081	8049
59198.775804	8471302100.000	3.436312	8049
59198.775816	8471302075.000	2.826857	8049
59198.775828	8471302075.000	3.630080	8049
59198.775839	8471302075.000	3.505565	8049
59198.775862	8471302075.000	3.296207	8049
59198.775897	8471302075.000	3.878778	8049
59198.775920	8471302075.000	4.651681	8049
59198.775932	8471302075.000	4.083077	8049
59198.775955	8471302075.000	3.618389	8049
59198.775966	8471302075.000	4.156592	8049
59198.775978	8471302075.000	3.259351	8049
59198.775990	8471302075.000	3.969768	8049
59198.776001	8471302075.000	3.984391	8049
59198.776013	8471302075.000	3.894869	8049
59198.776024	8471302075.000	3.754942	8049
59198.776036	8471302075.000	4.430257	8049
59198.776047	8471302075.000	5.175481	8049
59198.776059	8471302075.000	5.460962	8049
59198.776071	8471302075.000	3.633027	8049
59198.776082	8471302075.000	3.303605	8049
59198.776094	8471302075.000	4.007333	8049
59198.776105	8471302075.000	3.860598	8049
59198.776117	8471302075.000	3.182103	8049
59198.776128	8471302075.000	3.235874	8049
59198.776140	8471302075.000	5.051056	8049
59198.776152	8471302075.000	3.463775	8049
59198.776163	8471302075.000	3.111798	8049
59198.776175	8471302075.000	3.619430	8049
59198.776186	8471302075.000	4.409685	8049
59198.776198	8471302075.000	3.606409	8049
59198.776209	8471302075.000	3.806110	8049
59198.776221	8471302075.000	3.955776	8049
59198.776233	8471302075.000	4.641925	8049
59198.776244	8471302075.000	3.729496	8049
59198.776256	8471302075.000	4.578315	8049
59198.776267	8471302075.000	3.760929	8049
59198.776279	8471302075.000	3.447465	8049
59198.776291	8471302075.000	3.075335	8049
59198.776302	8471302075.000	3.165161	8049
59198.776314	8471302075.000	3.453730	8049
59198.776325	8471302075.000	4.235191	8049
59198.776337	8471302075.000	3.628860	8049
59198.776348	8471302075.000	2.879424	8049
59198.776360	8471302075.000	3.356096	8049
59198.776372	8471302075.000	3.274346	8049
59198.776383	8471302075.000	3.728601	8049
59198.776395	8471302075.000	4.265460	8049
59198.776406	8471302075.000	3.916343	8049
59198.776418	8471302075.000	4.924383	8049
59198.776429	8471302075.000	3.877535	8049
59198.776441	8471302050.000	3.102096	8049
59198.776464	8471302075.000	3.011250	8049
59198.776476	8471302075.000	3.029604	8049
59198.776510	8471302050.000	3.565624	8049
59198.776534	8471302050.000	4.024040	8049
59198.776568	8471302050.000	3.856956	8049
59198.776603	8471302050.000	3.691497	8049
59198.776626	8471302050.000	3.982480	8049
59198.776649	8471302050.000	3.046084	8049
59198.776661	8471302050.000	2.918148	8049
59198.776672	8471302050.000	4.061809	8049
59198.776684	8471302050.000	4.102077	8049
59198.776696	8471302050.000	3.486421	8049
59198.776719	8471302050.000	3.685642	8049
59198.776753	8471302050.000	4.679336	8049
59198.776777	8471302050.000	3.126032	8049
59198.776788	8471302050.000	3.182184	8049
59198.776800	8471302050.000	3.534097	8049
59198.776811	8471302050.000	3.318663	8049
59198.776834	8471302050.000	3.312583	8049
59198.776846	8471302050.000	3.861545	8049
59198.776858	8471302050.000	3.107497	8049
59198.776869	8471302050.000	4.170831	8049
59198.776881	8471302050.000	2.742103	8049
59198.776904	8471302050.000	3.825212	8049
59198.776916	8471302050.000	4.113288	8049
59198.776927	8471302050.000	4.488985	8049
59198.776950	8471302050.000	3.809812	8049
59198.776962	8471302050.000	3.175850	8049
59198.776985	8471302050.000	3.380482	8049
59198.776997	8471302050.000	3.742682	8049
59198.777008	8471302050.000	4.404236	8049
59198.777066	8471302050.000	3.043599	8049
59198.777124	8471302050.000	3.219354	8049
59198.777135	8471302050.000	3.048702	8049
59198.777170	8471302050.000	3.131058	8049
59198.777205	8471302025.000	3.087393	8049
59198.777251	8471302025.000	3.421410	8049
59198.777263	8471302025.000	3.693209	8049
59198.777286	8471302025.000	3.209993	8049
59198.777297	8471302025.000	2.866746	8049
59198.777309	8471302025.000	3.005858	8049
59198.777321	8471302025.000	3.611004	8049
59198.777355	8471302025.000	3.631431	8049
59198.777367	8471302025.000	3.361748	8049
59198.777390	8471302025.000	2.933014	8049
59198.777402	8471302025.000	3.212343	8049
59198.777413	8471302025.000	3.690430	8049
59198.777425	8471302025.000	3.361722	8049
59198.777436	8471302025.000	2.968729	8049
59198.777459	8471302025.000	3.799875	8049
59198.777494	8471302025.000	3.482746	8049
59198.777506	8471302025.000	3.245742	8049
59198.777529	8471302025.000	3.687782	8049
59198.777541	8471302025.000	3.304393	8049
59198.777575	8471302025.000	3.772651	8049
59198.777587	8471302025.000	3.235836	8049
59198.777598	8471302025.000	2.794154	8049
59198.777610	8471302025.000	2.872579	8049
59198.777633	8471302025.000	3.858206	8049
59198.777679	8471302025.000	3.237456	8049
59198.777703	8471302025.000	3.270644	8049
59198.777726	8471302025.000	4.221892	8049
59198.777784	8471302025.000	3.488567	8049
59198.777818	8471302025.000	2.987844	8049
59198.777830	8471302025.000	3.007703	8049
59198.777841	8471302025.000	3.302315	8049
59198.777888	8471302025.000	3.076458	8049
59198.778015	8471302000.000	3.154564	8049
59198.778038	8471302000.000	3.158221	8049
59198.778061	8471302000.000	3.280952	8049
59198.778073	8471302000.000	3.038026	8049
59198.778096	8471302000.000	3.135447	8049
59198.778154	8471302000.000	3.116278	8049
59198.778166	8471302000.000	2.918166	8049
59198.778212	8471302000.000	3.352484	8049
59198.778247	8471302000.000	3.159610	8049
59198.778270	8471302000.000	3.378956	8049
59198.778281	8471302000.000	3.281581	8049
59198.778316	8471302000.000	3.044401	8049
59198.778328	8471302000.000	2.883151	8049
59198.778351	8471302000.000	2.772985	8049
59198.778385	8471302000.000	2.903571	8049
59198.778397	8471302000.000	3.210566	8049
59198.778409	8471302000.000	2.922012	8049
59198.778420	8471302000.000	2.662899	8049
59198.778443	8471302000.000	3.506408	8049
59198.778466	8471302000.000	3.509506	8049
59198.778571	8471302000.000	2.895560	8049
59198.778628	8471302000.000	3.175788	8049
59198.778814	8471301975.000	3.518087	8049
59198.778837	8471301975.000	3.444419	8049
59198.778848	8471301975.000	3.457483	8049
59198.778860	8471301975.000	3.048138	8049
59198.778883	8471301975.000	2.986320	8049
59198.778895	8471301975.000	3.007193	8049
59198.778906	8471301975.000	3.074618	8049
59198.778918	8471301975.000	2.764030	8049
59198.778929	8471301975.000	3.396691	8049
59198.778941	8471301975.000	2.955639	8049
59198.778953	8471301975.000	3.582437	8049
59198.779045	8471301975.000	3.050317	8049
59198.779068	8471301975.000	2.845457	8049
59198.779138	8471301975.000	2.860979	8049
59198.779311	8471301975.000	3.134888	8049
59198.779323	8471301975.000	2.811024	8049
59198.779520	8471301950.000	2.819275	8049
59198.779670	8471301950.000	2.948782	8049
59198.779740	8471301950.000	2.550862	8049
59198.779867	8471301950.000	2.892228	8049
59198.779971	8471301950.000	2.813985	8049
59198.780538	8471301925.000	3.051526	8049
59198.785284	8471301775.000	2.811429	8049
59198.785515	8471301750.000	2.900363	8049
59198.785527	8471301750.000	2.871347	8049
59198.785642	8471301750.000	3.370344	8049
59198.785654	8471301750.000	2.586538	8049
59198.785689	8471301750.000	2.693527	8049
59198.785700	8471301750.000	2.838134	8049
59198.785758	8471301750.000	3.189496	8049
59198.785781	8471301750.000	2.916380	8049
59198.785839	8471301750.000	3.165664	8049
59198.785862	8471301750.000	2.951460	8049
59198.785874	8471301750.000	2.783519	8049
59198.785909	8471301750.000	2.634307	8049
59198.785943	8471301750.000	3.270452	8049
59198.785955	8471301750.000	2.711864	8049
59198.785978	8471301750.000	3.516571	8049
59198.786001	8471301750.000	2.536161	8049
59198.786036	8471301750.000	3.131772	8049
59198.786071	8471301750.000	3.473743	8049
59198.786094	8471301750.000	3.175150	8049
59198.786152	8471301750.000	2.778883	8049
59198.786209	8471301750.000	2.843756	8049
59198.786221	8471301750.000	3.045385	8049
59198.786267	8471301725.000	3.451280	8049
59198.786302	8471301725.000	3.198826	8049
59198.786395	8471301725.000	3.145910	8049
59198.786406	8471301725.000	2.938160	8049
59198.786418	8471301725.000	4.115959	8049
59198.786429	8471301725.000	3.056735	8049
59198.786453	8471301725.000	3.138386	8049
59198.786464	8471301725.000	4.306700	8049
59198.786476	8471301725.000	3.423500	8049
59198.786487	8471301725.000	4.020323	8049
59198.786499	8471301725.000	2.994634	8049
59198.786510	8471301725.000	3.924178	8049
59198.786522	8471301725.000	3.334073	8049
59198.786534	8471301725.000	3.022658	8049
59198.786545	8471301725.000	3.414884	8049
59198.786557	8471301725.000	4.170162	8049
59198.786568	8471301725.000	3.170648	8049
59198.786580	8471301725.000	4.096254	8049
59198.786591	8471301725.000	3.713946	8049
59198.786603	8471301725.000	4.078092	8049
59198.786615	8471301725.000	3.817278	8049
59198.786626	8471301725.000	3.655926	8049
59198.786638	8471301725.000	3.325142	8049
59198.786649	8471301725.000	2.873018	8049
59198.786661	8471301725.000	3.593842	8049
59198.786672	8471301725.000	3.353807	8049
59198.786684	8471301725.000	4.529703	8049
59198.786696	8471301725.000	4.069784	8049
59198.786707	8471301725.000	3.945035	8049
59198.786719	8471301725.000	3.487488	8049
59198.786730	8471301725.000	3.229922	8049
59198.786742	8471301725.000	3.537767	8049
59198.786753	8471301725.000	3.809078	8049
59198.786765	8471301725.000	3.803364	8049
59198.786777	8471301725.000	3.943022	8049
59198.786788	8471301725.000	3.146226	8049
59198.786800	8471301725.000	4.165325	8049
59198.786811	8471301725.000	3.493895	8049
59198.786823	8471301725.000	3.751874	8049
59198.786846	8471301725.000	3.721952	8049
59198.786858	8471301725.000	3.788543	8049
59198.786869	8471301725.000	3.005626	8049
59198.786881	8471301700.000	2.971839	8049
59198.786916	8471301725.000	3.696102	8049
59198.786927	8471301725.000	3.894220	8049
59198.786939	8471301725.000	3.731628	8049
59198.786950	8471301725.000	3.325226	8049
59198.786962	8471301725.000	2.979148	8049
59198.786973	8471301725.000	3.838037	8049
59198.786985	8471301725.000	2.914573	8049
59198.786997	8471301725.000	3.242243	8049
59198.787020	8471301700.000	4.250400	8049
59198.787031	8471301700.000	2.739096	8049
59198.787043	8471301725.000	3.506841	8049
59198.787054	8471301700.000	4.591130	8049
59198.787066	8471301700.000	2.956237	8049
59198.787078	8471301700.000	3.464539	8049
59198.787089	8471301700.000	4.008985	8049
59198.787101	8471301700.000	3.539725	8049
59198.787112	8471301700.000	3.783735	8049
59198.787124	8471301700.000	3.812546	8049
59198.787135	8471301700.000	3.661669	8049
59198.787147	8471301700.000	4.344638	8049
59198.787159	8471301700.000	4.347167	8049
59198.787170	8471301700.000	3.625401	8049
59198.787182	8471301700.000	4.350917	8049
59198.787193	8471301700.000	4.335695	8049
59198.787205	8471301700.000	4.428971	8049
59198.787216	8471301700.000	2.840212	8049
59198.787228	8471301700.000	4.542465	8049
59198.787240	8471301700.000	5.355031	8049
59198.787251	8471301700.000	5.166288	8049
59198.787263	8471301700.000	4.748775	8049
59198.787274	8471301700.000	4.980749	8049
59198.787286	8471301700.000	4.974804	8049
59198.787297	8471301700.000	3.770633	8049
59198.787309	8471301700.000	4.812805	8049
59198.787321	8471301700.000	4.195920	8049
59198.787332	8471301700.000	4.262547	8049
59198.787344	8471301700.000	5.375402	8049
59198.787355	8471301700.000	5.025614	8049
59198.787367	8471301700.000	4.313885	8049
59198.787378	8471301700.000	4.456829	8049
59198.787390	8471301700.000	4.477439	8049
59198.787402	8471301700.000	5.036762	8049
59198.787413	8471301700.000	5.368414	8049
59198.787425	8471301700.000	4.038558	8049
59198.787436	8471301700.000	4.681688	8049
59198.787448	8471301700.000	3.770245	8049
59198.787459	8471301700.000	4.597591	8049
59198.787471	8471301700.000	4.281592	8049
59198.787483	8471301700.000	5.535651	8049
59198.787494	8471301700.000	4.384494	8049
59198.787506	8471301700.000	4.575902	8049
59198.787517	8471301700.000	2.816347	8049
59198.787529	8471301700.000	3.855892	8049
59198.787541	8471301700.000	4.470887	8049
59198.787552	8471301700.000	5.229677	8049
59198.787564	8471301700.000	4.902545	8049
59198.787575	8471301700.000	4.515821	8049
59198.787587	8471301700.000	4.437898	8049
59198.787598	8471301700.000	4.063986	8049
59198.787610	8471301700.000	4.622561	8049
59198.787622	8471301700.000	5.644726	8049
59198.787633	8471301700.000	4.599924	8049
59198.787645	8471301700.000	4.930614	8049
59198.787656	8471301700.000	4.107476	8049
59198.787668	8471301700.000	4.277235	8049
59198.787679	8471301700.000	3.503359	8049
59198.787691	8471301700.000	4.506069	8049
59198.787703	8471301700.000	3.756131	8049
59198.787714	8471301700.000	3.848705	8049
59198.787726	8471301700.000	3.967498	8049
59198.787737	8471301675.000	3.315460	8049
59198.787749	8471301700.000	4.320545	8049
59198.787760	8471301700.000	3.072583	8049
59198.787772	8471301675.000	3.611161	8049
59198.787784	8471301675.000	3.857093	8049
59198.787795	8471301675.000	3.609073	8049
59198.787807	8471301675.000	4.194672	8049
59198.787818	8471301675.000	4.152544	8049
59198.787830	8471301675.000	4.234944	8049
59198.787841	8471301675.000	4.010817	8049
59198.787853	8471301700.000	3.116232	8049
59198.787865	8471301675.000	3.342253	8049
59198.787876	8471301675.000	3.492899	8049
59198.787888	8471301675.000	3.088088	8049
59198.787899	8471301675.000	3.506303	8049
59198.787911	8471301675.000	2.976164	8049
59198.787922	8471301675.000	3.092583	8049
59198.787934	8471301675.000	4.496548	8049
59198.787946	8471301675.000	3.405389	8049
59198.787957	8471301675.000	3.597459	8049
59198.787969	8471301675.000	3.756453	8049
59198.787980	8471301675.000	4.456984	8049
59198.787992	8471301675.000	4.154317	8049
59198.788003	8471301675.000	4.661688	8049
59198.788015	8471301675.000	3.060325	8049
59198.788027	8471301675.000	3.933131	8049
59198.788038	8471301675.000	4.497304	8049
59198.788061	8471301675.000	4.558147	8049
59198.788073	8471301675.000	4.041142	8049
59198.788084	8471301675.000	3.533925	8049
59198.788096	8471301675.000	3.958914	8049
59198.788108	8471301675.000	2.937420	8049
59198.788119	8471301675.000	4.156262	8049
59198.788131	8471301675.000	3.733008	8049
59198.788142	8471301675.000	4.000111	8049
59198.788154	8471301675.000	3.658844	8049
59198.788166	8471301675.000	4.004818	8049
59198.788177	8471301675.000	3.010782	8049
59198.788189	8471301675.000	3.309197	8049
59198.788200	8471301675.000	4.168428	8049
59198.788212	8471301675.000	3.312323	8049
59198.788223	8471301675.000	4.274500	8049
59198.788235	8471301675.000	3.407979	8049
59198.788247	8471301675.000	4.130080	8049
59198.788258	8471301675.000	3.334745	8049
59198.788281	8471301675.000	2.856393	8049
59198.788293	8471301675.000	2.983533	8049
59198.788304	8471301675.000	3.274438	8049
59198.788316	8471301675.000	3.058476	8049
59198.788328	8471301675.000	3.728772	8049
59198.788339	8471301675.000	3.829447	8049
59198.788351	8471301675.000	2.961544	8049
59198.788362	8471301675.000	3.064272	8049
59198.788385	8471301675.000	3.074080	8049
59198.788397	8471301675.000	3.460838	8049
59198.788420	8471301675.000	3.659266	8049
59198.788432	8471301675.000	3.203003	8049
59198.788466	8471301675.000	2.760629	8049
59198.788478	8471301675.000	2.836671	8049
59198.788490	8471301675.000	2.705641	8049
59198.788501	8471301675.000	2.936929	8049
59198.788652	8471301650.000	2.955838	8049
59198.788686	8471301650.000	2.865377	8049
59198.788709	8471301650.000	3.177256	8049
59198.788721	8471301650.000	2.922287	8049
59198.788744	8471301650.000	3.415742	8049
59198.788779	8471301650.000	3.044058	8049
59198.788814	8471301650.000	3.021243	8049
59198.788825	8471301650.000	3.320878	8049
59198.788848	8471301650.000	3.032075	8049
59198.788860	8471301650.000	2.862777	8049
59198.788872	8471301650.000	3.511159	8049
59198.788918	8471301650.000	3.011293	8049
59198.788929	8471301650.000	2.880579	8049
59198.788941	8471301650.000	3.062262	8049
59198.788976	8471301650.000	2.689673	8049
59198.788999	8471301650.000	3.234742	8049
59198.789010	8471301650.000	3.390417	8049
59198.789022	8471301650.000	3.345090	8049
59198.789034	8471301650.000	3.235050	8049
59198.789045	8471301650.000	3.787181	8049
59198.789057	8471301650.000	2.634496	8049
59198.789080	8471301650.000	3.841937	8049
59198.789091	8471301650.000	3.966156	8049
59198.789103	8471301650.000	3.643157	8049
59198.789115	8471301650.000	3.052214	8049
59198.789126	8471301650.000	2.633397	8049
59198.789138	8471301650.000	2.999296	8049
59198.789172	8471301650.000	2.770707	8049
59198.789184	8471301650.000	3.424734	8049
59198.789196	8471301650.000	2.880022	8049
59198.789207	8471301650.000	3.461213	8049
59198.789219	8471301650.000	3.451596	8049
59198.789230	8471301650.000	2.942382	8049
59198.789242	8471301650.000	4.011011	8049
59198.789253	8471301650.000	2.965696	8049
59198.789265	8471301650.000	4.092797	8049
59198.789300	8471301650.000	3.196891	8049
59198.789323	8471301650.000	2.884747	8049
59198.789346	8471301650.000	3.026265	8049
59198.789358	8471301650.000	2.974209	8049
59198.789369	8471301650.000	3.080889	8049
59198.789392	8471301650.000	3.127284	8049
59198.789427	8471301625.000	3.705379	8049
59198.789439	8471301650.000	3.036737	8049
59198.789450	8471301625.000	4.183078	8049
59198.789462	8471301625.000	3.788108	8049
59198.789473	8471301625.000	3.268119	8049
59198.789485	8471301625.000	3.940445	8049
59198.789497	8471301625.000	3.521857	8049
59198.789508	8471301625.000	3.306422	8049
59198.789520	8471301625.000	3.768773	8049
59198.789531	8471301625.000	2.579518	8049
59198.789543	8471301625.000	3.998053	8049
59198.789554	8471301625.000	3.433899	8049
59198.789566	8471301625.000	3.475360	8049
59198.789578	8471301625.000	3.676617	8049
59198.789589	8471301625.000	4.460839	8049
59198.789601	8471301625.000	3.926633	8049
59198.789612	8471301625.000	4.177090	8049
59198.789624	8471301625.000	3.862560	8049
59198.789635	8471301625.000	3.305401	8049
59198.789647	8471301625.000	4.435781	8049
59198.789659	8471301625.000	3.103467	8049
59198.789670	8471301625.000	3.799510	8049
59198.789682	8471301625.000	3.792771	8049
59198.789693	8471301625.000	4.960917	8049
59198.789705	8471301625.000	4.843266	8049
59198.789716	8471301625.000	4.936664	8049
59198.789728	8471301625.000	3.982709	8049
59198.789740	8471301625.000	3.403807	8049
59198.789751	8471301625.000	3.083636	8049
59198.789763	8471301625.000	5.136168	8049
59198.789774	8471301625.000	3.381022	8049
59198.789786	8471301625.000	4.316832	8049
59198.789797	8471301625.000	3.711460	8049
59198.789809	8471301625.000	3.863225	8049
59198.789821	8471301625.000	3.667155	8049
59198.789832	8471301625.000	2.867986	8049
59198.789844	8471301625.000	3.512686	8049
59198.789855	8471301625.000	2.981895	8049
59198.789867	8471301625.000	3.831772	8049
59198.789878	8471301625.000	4.509746	8049
59198.789890	8471301625.000	4.454325	8049
59198.789902	8471301625.000	4.259493	8049
59198.789913	8471301625.000	4.575243	8049
59198.789925	8471301625.000	4.636969	8049
59198.789936	8471301625.000	4.675030	8049
59198.789948	8471301625.000	4.489233	8049
59198.789959	8471301625.000	4.258180	8049
59198.789971	8471301625.000	4.465207	8049
59198.789983	8471301625.000	3.686656	8049
59198.789994	8471301625.000	3.945126	8049
59198.790006	8471301625.000	4.431190	8049
59198.790017	8471301625.000	3.169785	8049
59198.790029	8471301625.000	5.111163	8049
59198.790041	8471301625.000	3.874537	8049
59198.790052	8471301625.000	3.561836	8049
59198.790064	8471301625.000	4.265684	8049
59198.790075	8471301625.000	4.270299	8049
59198.790087	8471301625.000	3.083420	8049
59198.790098	8471301600.000	3.326474	8049
59198.790110	8471301625.000	3.405595	8049
59198.790122	8471301625.000	3.978084	8049
59198.790133	8471301625.000	2.849522	8049
59198.790145	8471301625.000	3.475584	8049
59198.790156	8471301625.000	3.408540	8049
59198.790168	8471301625.000	2.900883	8049
59198.790179	8471301600.000	2.924728	8049
59198.790191	8471301600.000	2.816262	8049
59198.790203	8471301625.000	3.935699	8049
59198.790214	8471301600.000	2.962580	8049
59198.790226	8471301600.000	3.750258	8049
59198.790237	8471301600.000	4.533559	8049
59198.790249	8471301600.000	3.860989	8049
59198.790260	8471301600.000	3.113302	8049
59198.790272	8471301600.000	3.691444	8049
59198.790284	8471301600.000	4.270609	8049
59198.790295	8471301600.000	3.905805	8049
59198.790307	8471301600.000	3.642787	8049
59198.790318	8471301600.000	4.507534	8049
59198.790330	8471301600.000	3.371619	8049
59198.790341	8471301600.000	3.588427	8049
59198.790353	8471301600.000	4.402637	8049
59198.790365	8471301600.000	3.411777	8049
59198.790376	8471301600.000	3.812950	8049
59198.790388	8471301600.000	3.181726	8049
59198.790399	8471301600.000	4.390455	8049
59198.790411	8471301600.000	3.514648	8049
59198.790422	8471301600.000	3.854788	8049
59198.790434	8471301600.000	4.566522	8049
59198.790446	8471301600.000	3.466755	8049
59198.790457	8471301600.000	2.918140	8049
59198.790469	8471301600.000	4.354160	8049
59198.790480	8471301600.000	3.838299	8049
59198.790492	8471301600.000	3.715105	8049
59198.790503	8471301600.000	5.407962	8049
59198.790515	8471301600.000	3.289725	8049
59198.790527	8471301600.000	4.410504	8049
59198.790538	8471301600.000	3.399102	8049
59198.790550	8471301600.000	3.477837	8049
59198.790561	8471301600.000	4.558989	8049
59198.790573	8471301600.000	3.222590	8049
59198.790584	8471301600.000	3.177375	8049
59198.790596	8471301600.000	4.183536	8049
59198.790608	8471301600.000	4.404586	8049
59198.790619	8471301600.000	4.906292	8049
59198.790631	8471301600.000	3.848539	8049
59198.790642	8471301600.000	4.248570	8049
59198.790654	8471301600.000	3.513482	8049
59198.790666	8471301600.000	4.163364	8049
59198.790677	8471301600.000	3.770197	8049
59198.790689	8471301600.000	3.342616	8049
59198.790700	8471301600.000	3.366839	8049
59198.790712	8471301600.000	4.902041	8049
59198.790723	8471301600.000	5.290038	8049
59198.790735	8471301600.000	3.926897	8049
59198.790747	8471301600.000	4.640157	8049
59198.790758	8471301600.000	4.174356	8049
59198.790770	8471301600.000	4.291559	8049
59198.790781	8471301600.000	4.418593	8049
59198.790793	8471301600.000	3.456616	8049
59198.790804	8471301600.000	3.565829	8049
59198.790816	8471301600.000	3.945697	8049
59198.790828	8471301600.000	4.727239	8049
59198.790839	8471301600.000	3.556286	8049
59198.790851	8471301600.000	3.793246	8049
59198.790862	8471301600.000	3.957223	8049
59198.790874	8471301600.000	3.189810	8049
59198.790885	8471301600.000	3.488052	8049
59198.790897	8471301600.000	3.517654	8049
59198.790909	8471301575.000	3.667077	8049
59198.790932	8471301600.000	2.825870	8049
59198.790943	8471301600.000	2.875907	8049
59198.790966	8471301600.000	2.959090	8049
59198.790978	8471301600.000	3.735775	8049
59198.790990	8471301600.000	3.574221	8049
59198.791001	8471301600.000	3.286044	8049
59198.791013	8471301575.000	3.541491	8049
59198.791024	8471301575.000	2.865095	8049
59198.791036	8471301575.000	3.442416	8049
59198.791047	8471301575.000	3.743635	8049
59198.791059	8471301575.000	3.648669	8049
59198.791071	8471301575.000	3.717855	8049
59198.791082	8471301575.000	4.373985	8049
59198.791094	8471301575.000	4.264234	8049
59198.791105	8471301575.000	4.026099	8049
59198.791117	8471301575.000	3.703104	8049
59198.791128	8471301575.000	3.775938	8049
59198.791140	8471301575.000	3.866065	8049
59198.791152	8471301575.000	4.139788	8049
59198.791163	8471301575.000	3.724936	8049
59198.791175	8471301575.000	4.822609	8049
59198.791186	8471301575.000	3.678597	8049
59198.791198	8471301575.000	4.388848	8049
59198.791209	8471301575.000	4.396297	8049
59198.791221	8471301575.000	3.452879	8049
59198.791233	8471301575.000	4.548747	8049
59198.791244	8471301575.000	5.468766	8049
59198.791256	8471301575.000	4.979033	8049
59198.791267	8471301575.000	4.716094	8049
59198.791279	8471301575.000	4.439896	8049
59198.791291	8471301575.000	4.287809	8049
59198.791302	8471301575.000	4.506619	8049
59198.791314	8471301575.000	4.105562	8049
59198.791325	8471301575.000	4.422334	8049
59198.791337	8471301575.000	4.394450	8049
59198.791348	8471301575.000	4.997120	8049
59198.791360	8471301575.000	4.657783	8049
59198.791372	8471301575.000	4.465636	8049
59198.791383	8471301575.000	6.248725	8049
59198.791395	8471301575.000	6.167014	8049
59198.791406	8471301575.000	3.570448	8049
59198.791418	8471301575.000	4.122670	8049
59198.791429	8471301575.000	4.997015	8049
59198.791441	8471301575.000	4.385602	8049
59198.791453	8471301575.000	6.148140	8049
59198.791464	8471301575.000	5.769790	8049
59198.791476	8471301575.000	5.615416	8049
59198.791487	8471301575.000	4.710901	8049
59198.791499	8471301575.000	5.628630	8049
59198.791510	8471301575.000	4.673030	8049
59198.791522	8471301575.000	5.247037	8049
59198.791534	8471301575.000	4.724818	8049
59198.791545	8471301575.000	5.783955	8049
59198.791557	8471301575.000	5.998391	8049
59198.791568	8471301575.000	5.041215	8049
59198.791580	8471301575.000	4.926198	8049
59198.791591	8471301575.000	3.843777	8049
59198.791603	8471301575.000	5.281678	8049
59198.791615	8471301575.000	5.584008	8049
59198.791626	8471301575.000	4.544253	8049
59198.791638	8471301575.000	5.305761	8049
59198.791649	8471301575.000	5.080921	8049
59198.791661	8471301575.000	3.735856	8049
59198.791672	8471301575.000	5.698489	8049
59198.791684	8471301575.000	3.885008	8049
59198.791696	8471301575.000	5.800265	8049
59198.791707	8471301575.000	5.401953	8049
59198.791719	8471301575.000	4.669417	8049
59198.791730	8471301575.000	4.463497	8049
59198.791742	8471301575.000	3.632396	8049
59198.791753	8471301575.000	4.767587	8049
59198.791765	8471301550.000	3.245081	8049
59198.791777	8471301575.000	4.553874	8049
59198.791788	8471301575.000	4.087419	8049
59198.791800	8471301575.000	4.267198	8049
59198.791811	8471301575.000	4.900472	8049
59198.791823	8471301575.000	4.394504	8049
59198.791834	8471301575.000	4.244142	8049
59198.791846	8471301575.000	4.480799	8049
59198.791858	8471301575.000	4.071424	8049
59198.791869	8471301550.000	4.089086	8049
59198.791881	8471301575.000	4.087579	8049
59198.791892	8471301550.000	5.161100	8049
59198.791904	8471301550.000	5.112629	8049
59198.791916	8471301550.000	3.668526	8049
59198.791927	8471301550.000	4.987413	8049
59198.791939	8471301550.000	3.733515	8049
59198.791950	8471301550.000	3.961661	8049
59198.791962	8471301550.000	4.349931	8049
59198.791973	8471301550.000	5.551528	8049
59198.791985	8471301550.000	4.611655	8049
59198.791997	8471301550.000	5.353933	8049
59198.792008	8471301550.000	5.365384	8049
59198.792020	8471301550.000	5.365342	8049
59198.792031	8471301550.000	4.513283	8049
59198.792043	8471301550.000	4.442614	8049
59198.792054	8471301550.000	6.697228	8049
59198.792066	8471301550.000	4.576982	8049
59198.792078	8471301550.000	4.511992	8049
59198.792089	8471301550.000	4.696497	8049
59198.792101	8471301550.000	6.096256	8049
59198.792112	8471301550.000	5.006252	8049
59198.792124	8471301550.000	4.465391	8049
59198.792135	8471301550.000	4.667128	8049
59198.792147	8471301550.000	6.415363	8049
59198.792159	8471301550.000	4.740071	8049
59198.792170	8471301550.000	4.170879	8049
59198.792182	8471301550.000	6.765433	8049
59198.792193	8471301550.000	6.893447	8049
59198.792205	8471301550.000	5.209858	8049
59198.792216	8471301550.000	4.794112	8049
59198.792228	8471301550.000	5.280681	8049
59198.792240	8471301550.000	5.581939	8049
59198.792251	8471301550.000	5.007061	8049
59198.792263	8471301550.000	5.357012	8049
59198.792274	8471301550.000	7.078510	8049
59198.792286	8471301550.000	6.162657	8049
59198.792297	8471301550.000	5.661142	8049
59198.792309	8471301550.000	6.091394	8049
59198.792321	8471301550.000	4.624370	8049
59198.792332	8471301550.000	6.561872	8049
59198.792344	8471301550.000	6.023308	8049
59198.792355	8471301550.000	4.247384	8049
59198.792367	8471301550.000	4.327244	8049
59198.792378	8471301550.000	4.994908	8049
59198.792390	8471301550.000	5.663125	8049
59198.792402	8471301550.000	5.629668	8049
59198.792413	8471301550.000	5.658445	8049
59198.792425	8471301550.000	4.397382	8049
59198.792436	8471301550.000	4.848968	8049
59198.792448	8471301550.000	5.732175	8049
59198.792459	8471301550.000	5.968815	8049
59198.792471	8471301550.000	5.749446	8049
59198.792483	8471301550.000	5.700336	8049
59198.792494	8471301550.000	6.011841	8049
59198.792506	8471301550.000	5.732741	8049
59198.792517	8471301550.000	4.162137	8049
59198.792529	8471301550.000	5.032241	8049
59198.792541	8471301550.000	5.172306	8049
59198.792552	8471301550.000	4.263519	8049
59198.792564	8471301550.000	4.134421	8049
59198.792575	8471301550.000	4.326602	8049
59198.792587	8471301550.000	4.698983	8049
59198.792598	8471301550.000	4.396530	8049
59198.792610	8471301550.000	4.557503	8049
59198.792622	8471301550.000	4.509571	8049
59198.792633	8471301525.000	3.718002	8049
59198.792645	8471301550.000	4.382526	8049
59198.792656	8471301550.000	3.607723	8049
59198.792668	8471301550.000	4.195711	8049
59198.792679	8471301550.000	4.065991	8049
59198.792691	8471301550.000	3.469589	8049
59198.792703	8471301550.000	3.975121	8049
59198.792714	8471301525.000	4.110702	8049
59198.792726	8471301525.000	3.617739	8049
59198.792737	8471301525.000	3.652889	8049
59198.792749	8471301525.000	4.818155	8049
59198.792760	8471301525.000	3.494726	8049
59198.792772	8471301525.000	4.970241	8049
59198.792784	8471301525.000	4.495545	8049
59198.792795	8471301525.000	3.666663	8049
59198.792807	8471301525.000	4.578625	8049
59198.792818	8471301525.000	3.916223	8049
59198.792830	8471301525.000	3.675838	8049
59198.792841	8471301525.000	4.378853	8049
59198.792853	8471301525.000	4.046933	8049
59198.792865	8471301525.000	4.704265	8049
59198.792876	8471301525.000	3.215243	8049
59198.792888	8471301525.000	3.333343	8049
59198.792899	8471301525.000	4.572093	8049
59198.792911	8471301525.000	4.783098	8049
59198.792922	8471301525.000	3.936334	8049
59198.792934	8471301525.000	4.738371	8049
59198.792946	8471301525.000	5.436763	8049
59198.792957	8471301525.000	3.352772	8049
59198.792969	8471301525.000	3.370713	8049
59198.792980	8471301525.000	3.835355	8049
59198.792992	8471301525.000	4.295184	8049
59198.793003	8471301525.000	3.305459	8049
59198.793015	8471301525.000	3.839402	8049
59198.793027	8471301525.000	3.995390	8049
59198.793038	8471301525.000	4.881826	8049
59198.793050	8471301525.000	4.405503	8049
59198.793061	8471301525.000	3.398851	8049
59198.793073	8471301525.000	4.862673	8049
59198.793084	8471301525.000	3.890913	8049
59198.793096	8471301525.000	3.859018	8049
59198.793108	8471301525.000	2.975929	8049
59198.793119	8471301525.000	4.635361	8049
59198.793131	8471301525.000	4.040824	8049
59198.793142	8471301525.000	4.866920	8049
59198.793154	8471301525.000	4.444301	8049
59198.793166	8471301525.000	3.465876	8049
59198.793177	8471301525.000	4.210184	8049
59198.793189	8471301525.000	4.315960	8049
59198.793200	8471301525.000	3.598830	8049
59198.793212	8471301525.000	4.117595	8049
59198.793223	8471301525.000	3.323863	8049
59198.793235	8471301525.000	3.891004	8049
59198.793247	8471301525.000	4.586201	8049
59198.793258	8471301525.000	4.405056	8049
59198.793270	8471301525.000	3.927535	8049
59198.793281	8471301525.000	3.635698	8049
59198.793293	8471301525.000	3.593937	8049
59198.793304	8471301525.000	3.630366	8049
59198.793316	8471301525.000	4.563581	8049
59198.793328	8471301525.000	3.330917	8049
59198.793339	8471301525.000	3.181860	8049
59198.793351	8471301525.000	3.509664	8049
59198.793374	8471301525.000	4.070547	8049
59198.793385	8471301500.000	2.779703	8049
59198.793397	8471301525.000	3.739662	8049
59198.793409	8471301525.000	2.873743	8049
59198.793420	8471301525.000	2.864049	8049
59198.793432	8471301525.000	2.840708	8049
59198.793443	8471301525.000	3.217575	8049
59198.793455	8471301500.000	2.730758	8049
59198.793466	8471301525.000	3.251697	8049
59198.793478	8471301525.000	3.238594	8049
59198.793490	8471301525.000	2.821069	8049
59198.793501	8471301525.000	2.802047	8049
59198.793513	8471301525.000	3.602543	8049
59198.793524	8471301525.000	2.976372	8049
59198.793536	8471301500.000	3.138006	8049
59198.793547	8471301525.000	3.141596	8049
59198.793559	8471301500.000	2.889828	8049
59198.793571	8471301525.000	2.907000	8049
59198.793582	8471301525.000	3.061542	8049
59198.793594	8471301500.000	3.211825	8049
59198.793605	8471301500.000	3.111648	8049
59198.793617	8471301500.000	3.491841	8049
59198.793628	8471301500.000	2.672476	8049
59198.793640	8471301500.000	2.941313	8049
59198.793652	8471301500.000	2.848181	8049
59198.793663	8471301500.000	2.910395	8049
59198.793675	8471301500.000	3.367178	8049
59198.793686	8471301500.000	3.764916	8049
59198.793698	8471301500.000	2.633136	8049
59198.793709	8471301500.000	3.360137	8049
59198.793721	8471301500.000	4.508574	8049
59198.793733	8471301500.000	4.697872	8049
59198.793744	8471301500.000	2.954941	8049
59198.793756	8471301500.000	2.682709	8049
59198.793767	8471301500.000	3.969692	8049
59198.793779	8471301500.000	3.900051	8049
59198.793791	8471301500.000	3.796481	8049
59198.793802	8471301500.000	3.364860	8049
59198.793814	8471301500.000	4.293858	8049
59198.793825	8471301500.000	3.487033	8049
59198.793837	8471301500.000	4.212034	8049
59198.793848	8471301500.000	3.520086	8049
59198.793860	8471301500.000	4.041043	8049
59198.793872	8471301500.000	3.908179	8049
59198.793883	8471301500.000	4.848719	8049
59198.793895	8471301500.000	4.109350	8049
59198.793906	8471301500.000	3.359029	8049
59198.793918	8471301500.000	4.914040	8049
59198.793929	8471301500.000	3.336858	8049
59198.793941	8471301500.000	3.754323	8049
59198.793953	8471301500.000	4.036106	8049
59198.793964	8471301500.000	4.661764	8049
59198.793976	8471301500.000	3.521292	8049
59198.793987	8471301500.000	4.588432	8049
59198.793999	8471301500.000	4.506430	8049
59198.794010	8471301500.000	4.413238	8049
59198.794022	8471301500.000	4.393449	8049
59198.794034	8471301500.000	5.550585	8049
59198.794045	8471301500.000	4.018579	8049
59198.794057	8471301500.000	3.785745	8049
59198.794068	8471301500.000	3.944185	8049
59198.794080	8471301500.000	3.341910	8049
59198.794091	8471301500.000	3.724584	8049
59198.794103	8471301500.000	2.750650	8049
59198.794115	8471301500.000	4.686742	8049
59198.794126	8471301500.000	3.931162	8049
59198.794138	8471301500.000	3.747252	8049
59198.794149	8471301500.000	3.448923	8049
59198.794161	8471301500.000	4.381098	8049
59198.794172	8471301500.000	5.004031	8049
59198.794184	8471301500.000	3.188264	8049
59198.794196	8471301500.000	3.878174	8049
59198.794207	8471301500.000	3.536039	8049
59198.794219	8471301500.000	3.786712	8049
59198.794230	8471301500.000	3.830216	8049
59198.794242	8471301500.000	3.823786	8049
59198.794253	8471301500.000	3.458246	8049
59198.794265	8471301500.000	3.916235	8049
59198.794277	8471301500.000	4.026722	8049
59198.794288	8471301500.000	4.459274	8049
59198.794300	8471301500.000	3.163350	8049
59198.794311	8471301500.000	3.173105	8049
59198.794323	8471301475.000	3.516008	8049
59198.794334	8471301500.000	4.218068	8049
59198.794346	8471301500.000	3.398219	8049
59198.794358	8471301500.000	3.397002	8049
59198.794369	8471301500.000	4.140501	8049
59198.794381	8471301500.000	3.515223	8049
59198.794392	8471301500.000	3.713414	8049
59198.794404	8471301500.000	3.182151	8049
59198.794416	8471301475.000	3.752467	8049
59198.794427	8471301500.000	3.583529	8049
59198.794439	8471301475.000	3.204293	8049
59198.794450	8471301475.000	3.395628	8049
59198.794462	8471301475.000	4.237830	8049
59198.794473	8471301475.000	3.361508	8049
59198.794485	8471301475.000	4.268134	8049
59198.794497	8471301475.000	3.728441	8049
59198.794508	8471301475.000	3.187044	8049
59198.794520	8471301475.000	4.171885	8049
59198.794531	8471301475.000	3.830019	8049
59198.794543	8471301475.000	3.547051	8049
59198.794554	8471301475.000	4.559568	8049
59198.794566	8471301475.000	3.896730	8049
59198.794578	8471301475.000	4.181698	8049
59198.794589	8471301475.000	4.634673	8049
59198.794601	8471301475.000	3.441742	8049
59198.794612	8471301475.000	5.166355	8049
59198.794624	8471301475.000	4.835036	8049
59198.794635	8471301475.000	4.518417	8049
59198.794647	8471301475.000	5.246421	8049
59198.794659	8471301475.000	4.100777	8049
59198.794670	8471301475.000	6.208792	8049
59198.794682	8471301475.000	5.333118	8049
59198.794693	8471301475.000	4.764935	8049
59198.794705	8471301475.000	5.074511	8049
59198.794716	8471301475.000	3.453829	8049
59198.794728	8471301475.000	5.979606	8049
59198.794740	8471301475.000	5.900768	8049
59198.794751	8471301475.000	5.458364	8049
59198.794763	8471301475.000	4.684654	8049
59198.794774	8471301475.000	4.821393	8049
59198.794786	8471301475.000	5.480607	8049
59198.794797	8471301475.000	5.438371	8049
59198.794809	8471301475.000	5.662423	8049
59198.794821	8471301475.000	4.622528	8049
59198.794832	8471301475.000	5.326321	8049
59198.794844	8471301475.000	5.150138	8049
59198.794855	8471301475.000	5.169711	8049
59198.794867	8471301475.000	4.936824	8049
59198.794878	8471301475.000	5.391840	8049
59198.794890	8471301475.000	5.542905	8049
59198.794902	8471301475.000	5.569112	8049
59198.794913	8471301475.000	4.019108	8049
59198.794925	8471301475.000	5.348341	8049
59198.794936	8471301475.000	5.057549	8049
59198.794948	8471301475.000	6.344871	8049
59198.794959	8471301475.000	5.888408	8049
59198.794971	8471301475.000	5.784256	8049
59198.794983	8471301475.000	5.337347	8049
59198.794994	8471301475.000	5.139380	8049
59198.795006	8471301475.000	4.970922	8049
59198.795017	8471301475.000	4.305778	8049
59198.795029	8471301475.000	5.807723	8049
59198.795041	8471301475.000	3.735626	8049
59198.795052	8471301475.000	4.669852	8049
59198.795064	8471301475.000	4.668555	8049
59198.795075	8471301475.000	5.161525	8049
59198.795087	8471301475.000	3.989939	8049
59198.795098	8471301475.000	3.653500	8049
59198.795110	8471301475.000	4.464767	8049
59198.795122	8471301475.000	5.009505	8049
59198.795133	8471301475.000	3.591861	8049
59198.795145	8471301475.000	4.117109	8049
59198.795156	8471301475.000	6.307516	8049
59198.795168	8471301475.000	4.981217	8049
59198.795179	8471301475.000	3.441638	8049
59198.795191	8471301475.000	4.074323	8049
59198.795203	8471301475.000	3.136575	8049
59198.795214	8471301450.000	4.386662	8049
59198.795226	8471301475.000	5.132586	8049
59198.795237	8471301450.000	4.476340	8049
59198.795249	8471301450.000	4.397055	8049
59198.795260	8471301450.000	4.156507	8049
59198.795272	8471301475.000	4.702175	8049
59198.795284	8471301475.000	3.819404	8049
59198.795295	8471301450.000	4.437616	8049
59198.795307	8471301450.000	4.008070	8049
59198.795318	8471301450.000	3.985576	8049
59198.795330	8471301450.000	4.399325	8049
59198.795341	8471301450.000	5.106507	8049
59198.795353	8471301450.000	4.425851	8049
59198.795365	8471301450.000	4.272995	8049
59198.795376	8471301450.000	3.763253	8049
59198.795388	8471301450.000	6.357042	8049
59198.795399	8471301450.000	4.774076	8049
59198.795411	8471301450.000	4.577477	8049
59198.795422	8471301450.000	5.295642	8049
59198.795434	8471301450.000	4.403583	8049
59198.795446	8471301450.000	4.698419	8049
59198.795457	8471301450.000	4.224008	8049
59198.795469	8471301450.000	4.021872	8049
59198.795480	8471301450.000	5.307575	8049
59198.795492	8471301450.000	4.381222	8049
59198.795503	8471301450.000	6.951824	8049
59198.795515	8471301450.000	3.753989	8049
59198.795527	8471301450.000	4.147824	8049
59198.795538	8471301450.000	4.779952	8049
59198.795550	8471301450.000	5.041659	8049
59198.795561	8471301450.000	6.620611	8049
59198.795573	8471301450.000	3.841227	8049
59198.795584	8471301450.000	4.708310	8049
59198.795596	8471301450.000	4.800816	8049
59198.795608	8471301450.000	5.034033	8049
59198.795619	8471301450.000	5.945936	8049
59198.795631	8471301450.000	5.602496	8049
59198.795642	8471301450.000	5.472152	8049
59198.795654	8471301450.000	6.492961	8049
59198.795666	8471301450.000	4.309377	8049
59198.795677	8471301450.000	5.433932	8049
59198.795689	8471301450.000	5.245232	8049
59198.795700	8471301450.000	5.313401	8049
59198.795712	8471301450.000	5.187727	8049
59198.795723	8471301450.000	4.599217	8049
59198.795735	8471301450.000	4.227496	8049
59198.795747	8471301450.000	4.493393	8049
59198.795758	8471301450.000	3.262675	8049
59198.795770	8471301450.000	4.509163	8049
59198.795781	8471301450.000	4.582293	8049
59198.795793	8471301450.000	3.712440	8049
59198.795804	8471301450.000	4.226233	8049
59198.795816	8471301450.000	4.740242	8049
59198.795828	8471301450.000	3.741908	8049
59198.795839	8471301450.000	3.599806	8049
59198.795851	8471301450.000	3.276540	8049
59198.795862	8471301450.000	4.306358	8049
59198.795874	8471301450.000	4.471801	8049
59198.795885	8471301450.000	3.847499	8049
59198.795897	8471301450.000	4.466492	8049
59198.795909	8471301450.000	3.517404	8049
59198.795920	8471301450.000	4.497689	8049
59198.795932	8471301450.000	4.123556	8049
59198.795943	8471301450.000	3.765475	8049
59198.795955	8471301450.000	3.892767	8049
59198.795966	8471301450.000	3.348531	8049
59198.795978	8471301450.000	2.849517	8049
59198.795990	8471301450.000	3.082964	8049
59198.796001	8471301450.000	3.460449	8049
59198.796013	8471301450.000	3.318623	8049
59198.796036	8471301450.000	2.458267	8049
59198.796047	8471301450.000	3.441569	8049
59198.796059	8471301450.000	2.533230	8049
59198.796071	8471301450.000	3.467202	8049
59198.796082	8471301450.000	2.840944	8049
59198.796105	8471301425.000	2.641640	8049
59198.796117	8471301450.000	2.486728	8049
59198.796128	8471301425.000	3.009549	8049
59198.796152	8471301450.000	3.022936	8049
59198.796163	8471301425.000	3.074660	8049
59198.796175	8471301450.000	2.480199	8049
59198.796186	8471301450.000	2.691793	8049
59198.796209	8471301450.000	2.490370	8049
59198.796233	8471301450.000	3.076208	8049
59198.796244	8471301425.000	2.857181	8049
59198.796256	8471301425.000	2.781414	8049
59198.796267	8471301425.000	2.568736	8049
59198.796279	8471301425.000	2.554516	8049
59198.796302	8471301450.000	2.802218	8049
59198.796314	8471301425.000	3.220589	8049
59198.796325	8471301425.000	2.771594	8049
59198.796337	8471301425.000	2.373509	8049
59198.796348	8471301425.000	3.227309	8049
59198.796372	8471301425.000	2.714898	8049
59198.796383	8471301425.000	2.934235	8049
59198.796395	8471301425.000	2.913965	8049
59198.796406	8471301425.000	2.708630	8049
59198.796418	8471301425.000	2.532490	8049
59198.796441	8471301425.000	3.346984	8049
59198.796453	8471301425.000	2.517035	8049
59198.796464	8471301425.000	2.803893	8049
59198.796476	8471301425.000	2.484179	8049
59198.796499	8471301425.000	3.685872	8049
59198.796522	8471301425.000	2.700806	8049
59198.796545	8471301425.000	2.546673	8049
59198.796557	8471301425.000	3.653678	8049
59198.796568	8471301425.000	3.709914	8049
59198.796580	8471301425.000	2.893772	8049
59198.796591	8471301425.000	2.974819	8049
59198.796603	8471301425.000	2.788423	8049
59198.796615	8471301425.000	3.656072	8049
59198.796626	8471301425.000	3.534138	8049
59198.796638	8471301425.000	2.586868	8049
59198.796649	8471301425.000	3.540175	8049
59198.796661	8471301425.000	3.221416	8049
59198.796672	8471301425.000	3.317650	8049
59198.796684	8471301425.000	2.575800	8049
59198.796696	8471301425.000	3.767829	8049
59198.796707	8471301425.000	3.098428	8049
59198.796719	8471301425.000	3.637165	8049
59198.796730	8471301425.000	3.440166	8049
59198.796742	8471301425.000	3.719339	8049
59198.796753	8471301425.000	4.082526	8049
59198.796765	8471301425.000	2.705557	8049
59198.796777	8471301425.000	4.741788	8049
59198.796788	8471301425.000	3.559773	8049
59198.796800	8471301425.000	3.791386	8049
59198.796811	8471301425.000	2.858835	8049
59198.796823	8471301425.000	4.104057	8049
59198.796834	8471301425.000	3.425897	8049
59198.796846	8471301425.000	4.136914	8049
59198.796858	8471301425.000	3.382989	8049
59198.796869	8471301425.000	3.682592	8049
59198.796881	8471301425.000	4.387666	8049
59198.796892	8471301425.000	3.264353	8049
59198.796904	8471301425.000	2.813910	8049
59198.796916	8471301425.000	2.477212	8049
59198.796927	8471301425.000	3.227399	8049
59198.796939	8471301425.000	3.190946	8049
59198.796950	8471301425.000	4.443659	8049
59198.796962	8471301425.000	4.574613	8049
59198.796973	8471301425.000	5.173797	8049
59198.796985	8471301425.000	3.178678	8049
59198.796997	8471301425.000	4.022498	8049
59198.797008	8471301400.000	3.241956	8049
59198.797020	8471301425.000	3.391349	8049
59198.797031	8471301400.000	2.959909	8049
59198.797043	8471301425.000	3.398734	8049
59198.797054	8471301400.000	2.668984	8049
59198.797066	8471301400.000	3.380164	8049
59198.797078	8471301425.000	3.595982	8049
59198.797089	8471301400.000	3.809816	8049
59198.797101	8471301400.000	3.152153	8049
59198.797112	8471301400.000	4.029599	8049
59198.797124	8471301400.000	4.664299	8049
59198.797135	8471301400.000	3.503224	8049
59198.797147	8471301400.000	3.224164	8049
59198.797159	8471301400.000	2.800585	8049
59198.797170	8471301400.000	3.536327	8049
59198.797182	8471301400.000	3.855469	8049
59198.797193	8471301400.000	4.030785	8049
59198.797205	8471301400.000	4.203656	8049
59198.797216	8471301400.000	3.720452	8049
59198.797228	8471301400.000	5.295653	8049
59198.797240	8471301400.000	3.974345	8049
59198.797251	8471301400.000	4.032819	8049
59198.797263	8471301400.000	4.040308	8049
59198.797274	8471301400.000	3.273454	8049
59198.797286	8471301400.000	3.824067	8049
59198.797297	8471301400.000	3.470553	8049
59198.797309	8471301400.000	4.497501	8049
59198.797321	8471301400.000	4.766454	8049
59198.797332	8471301400.000	5.589955	8049
59198.797344	8471301400.000	5.057137	8049
59198.797355	8471301400.000	4.499820	8049
59198.797367	8471301400.000	4.193774	8049
59198.797378	8471301400.000	5.595881	8049
59198.797390	8471301400.000	4.065460	8049
59198.797402	8471301400.000	6.356802	8049
59198.797413	8471301400.000	5.071866	8049
59198.797425	8471301400.000	4.859141	8049
59198.797436	8471301400.000	4.701515	8049
59198.797448	8471301400.000	5.206170	8049
59198.797459	8471301400.000	5.325280	8049
59198.797471	8471301400.000	4.951247	8049
59198.797483	8471301400.000	4.159191	8049
59198.797494	8471301400.000	4.863204	8049
59198.797506	8471301400.000	5.649244	8049
59198.797517	8471301400.000	5.005527	8049
59198.797529	8471301400.000	4.432219	8049
59198.797541	8471301400.000	5.648751	8049
59198.797552	8471301400.000	4.280968	8049
59198.797564	8471301400.000	4.568801	8049
59198.797575	8471301400.000	5.560950	8049
59198.797587	8471301400.000	4.655086	8049
59198.797598	8471301400.000	4.484729	8049
59198.797610	8471301400.000	3.893695	8049
59198.797622	8471301400.000	3.445839	8049
59198.797633	8471301400.000	3.571166	8049
59198.797645	8471301400.000	4.169155	8049
59198.797656	8471301400.000	4.389163	8049
59198.797668	8471301400.000	3.464684	8049
59198.797679	8471301400.000	5.324366	8049
59198.797691	8471301400.000	4.007583	8049
59198.797703	8471301400.000	4.539954	8049
59198.797714	8471301400.000	3.807910	8049
59198.797726	8471301400.000	3.646385	8049
59198.797737	8471301400.000	4.347084	8049
59198.797749	8471301400.000	4.390110	8049
59198.797760	8471301400.000	3.982527	8049
59198.797772	8471301400.000	3.235789	8049
59198.797784	8471301400.000	4.315790	8049
59198.797795	8471301400.000	4.576455	8049
59198.797807	8471301400.000	3.485389	8049
59198.797818	8471301400.000	3.128753	8049
59198.797830	8471301400.000	3.223800	8049
59198.797841	8471301400.000	4.718816	8049
59198.797853	8471301400.000	2.811164	8049
59198.797865	8471301400.000	3.886219	8049
59198.797876	8471301400.000	3.555083	8049
59198.797888	8471301375.000	3.921860	8049
59198.797899	8471301400.000	3.684241	8049
59198.797911	8471301400.000	3.268337	8049
59198.797922	8471301400.000	2.926320	8049
59198.797934	8471301400.000	3.524641	8049
59198.797946	8471301400.000	3.450162	8049
59198.797957	8471301400.000	3.581927	8049
59198.797969	8471301375.000	2.694172	8049
59198.797980	8471301400.000	2.482633	8049
59198.797992	8471301375.000	3.474607	8049
59198.798003	8471301375.000	3.038934	8049
59198.798015	8471301400.000	3.050226	8049
59198.798027	8471301375.000	3.557181	8049
59198.798038	8471301375.000	2.888238	8049
59198.798050	8471301375.000	3.153290	8049
59198.798061	8471301375.000	3.695185	8049
59198.798073	8471301375.000	3.675332	8049
59198.798084	8471301375.000	2.677831	8049
59198.798096	8471301375.000	2.929652	8049
59198.798108	8471301375.000	4.297915	8049
59198.798119	8471301375.000	3.991097	8049
59198.798131	8471301375.000	4.606164	8049
59198.798142	8471301375.000	4.588514	8049
59198.798154	8471301375.000	4.470695	8049
59198.798166	8471301375.000	3.149460	8049
59198.798177	8471301375.000	3.108989	8049
59198.798189	8471301375.000	3.172148	8049
59198.798200	8471301375.000	3.159347	8049
59198.798212	8471301375.000	2.419531	8049
59198.798223	8471301375.000	3.076130	8049
59198.798235	8471301375.000	3.548027	8049
59198.798247	8471301375.000	4.799788	8049
59198.798258	8471301375.000	3.390306	8049
59198.798270	8471301375.000	4.131926	8049
59198.798281	8471301375.000	3.561226	8049
59198.798293	8471301375.000	3.216429	8049
59198.798304	8471301375.000	3.959759	8049
59198.798316	8471301375.000	4.225610	8049
59198.798328	8471301375.000	4.229498	8049
59198.798339	8471301375.000	4.476437	8049
59198.798351	8471301375.000	4.786769	8049
59198.798362	8471301375.000	5.662848	8049
59198.798374	8471301375.000	3.606551	8049
59198.798385	8471301375.000	5.566031	8049
59198.798397	8471301375.000	4.825642	8049
59198.798409	8471301375.000	4.129104	8049
59198.798420	8471301375.000	3.740925	8049
59198.798432	8471301375.000	4.504049	8049
59198.798443	8471301375.000	5.071804	8049
59198.798455	8471301375.000	5.514016	8049
59198.798466	8471301375.000	5.693088	8049
59198.798478	8471301375.000	5.756402	8049
59198.798490	8471301375.000	6.381594	8049
59198.798501	8471301375.000	4.178793	8049
59198.798513	8471301375.000	3.496377	8049
59198.798524	8471301375.000	4.644205	8049
59198.798536	8471301375.000	4.613606	8049
59198.798547	8471301375.000	5.114820	8049
59198.798559	8471301375.000	4.355120	8049
59198.798571	8471301375.000	4.075225	8049
59198.798582	8471301375.000	4.250031	8049
59198.798594	8471301375.000	4.263571	8049
59198.798605	8471301375.000	5.094738	8049
59198.798617	8471301375.000	4.166848	8049
59198.798628	8471301375.000	4.095921	8049
59198.798640	8471301375.000	5.984069	8049
59198.798652	8471301375.000	4.230800	8049
59198.798663	8471301375.000	5.304542	8049
59198.798675	8471301375.000	5.154297	8049
59198.798686	8471301375.000	5.457792	8049
59198.798698	8471301375.000	5.320449	8049
59198.798709	8471301375.000	6.309505	8049
59198.798721	8471301375.000	2.741129	8049
59198.798733	8471301375.000	3.739793	8049
59198.798744	8471301375.000	5.889270	8049
59198.798756	8471301375.000	4.287073	8049
59198.798767	8471301375.000	4.899505	8049
59198.798779	8471301375.000	5.357731	8049
59198.798791	8471301375.000	4.553740	8049
59198.798802	8471301375.000	4.014985	8049
59198.798814	8471301375.000	4.566059	8049
59198.798825	8471301375.000	3.949850	8049
59198.798837	8471301375.000	4.305849	8049
59198.798848	8471301350.000	4.753499	8049
59198.798860	8471301350.000	3.612354	8049
59198.798872	8471301350.000	5.198186	8049
59198.798883	8471301350.000	3.909470	8049
59198.798895	8471301375.000	3.963833	8049
59198.798906	8471301350.000	3.346437	8049
59198.798918	8471301350.000	4.942379	8049
59198.798929	8471301350.000	4.341984	8049
59198.798941	8471301350.000	3.606200	8049
59198.798953	8471301350.000	4.353235	8049
59198.798964	8471301350.000	4.755326	8049
59198.798976	8471301350.000	5.061602	8049
59198.798987	8471301350.000	4.976458	8049
59198.798999	8471301350.000	5.217678	8049
59198.799010	8471301350.000	4.878273	8049
59198.799022	8471301350.000	5.030757	8049
59198.799034	8471301350.000	5.829638	8049
59198.799045	8471301350.000	5.451173	8049
59198.799057	8471301350.000	3.834434	8049
59198.799068	8471301350.000	5.640102	8049
59198.799080	8471301350.000	5.073460	8049
59198.799091	8471301350.000	5.316848	8049
59198.799103	8471301350.000	4.674488	8049
59198.799115	8471301350.000	5.017025	8049
59198.799126	8471301350.000	5.350575	8049
59198.799138	8471301350.000	5.163103	8049
59198.799149	8471301350.000	5.181462	8049
59198.799161	8471301350.000	5.157799	8049
59198.799172	8471301350.000	6.250569	8049
59198.799184	8471301350.000	6.042068	8049
59198.799196	8471301350.000	6.216427	8049
59198.799207	8471301350.000	6.203955	8049
59198.799219	8471301350.000	5.603090	8049
59198.799230	8471301350.000	6.437435	8049
59198.799242	8471301350.000	6.090123	8049
59198.799253	8471301350.000	4.971982	8049
59198.799265	8471301350.000	5.209686	8049
59198.799277	8471301350.000	5.140643	8049
59198.799288	8471301350.000	4.462130	8049
59198.799300	8471301350.000	5.605160	8049
59198.799311	8471301350.000	5.754117	8049
59198.799323	8471301350.000	5.428769	8049
59198.799334	8471301350.000	4.800424	8049
59198.799346	8471301350.000	4.568094	8049
59198.799358	8471301350.000	4.638543	8049
59198.799369	8471301350.000	5.521435	8049
59198.799381	8471301350.000	5.015859	8049
59198.799392	8471301350.000	5.004077	8049
59198.799404	8471301350.000	5.098224	8049
59198.799416	8471301350.000	5.713587	8049
59198.799427	8471301350.000	4.786966	8049
59198.799439	8471301350.000	5.590164	8049
59198.799450	8471301350.000	4.881160	8049
59198.799462	8471301350.000	5.318784	8049
59198.799473	8471301350.000	5.584126	8049
59198.799485	8471301350.000	5.031956	8049
59198.799497	8471301350.000	4.569036	8049
59198.799508	8471301350.000	5.762181	8049
59198.799520	8471301350.000	5.352874	8049
59198.799531	8471301350.000	5.647005	8049
59198.799543	8471301350.000	5.895983	8049
59198.799554	8471301350.000	6.192748	8049
59198.799566	8471301350.000	5.204851	8049
59198.799578	8471301350.000	3.847278	8049
59198.799589	8471301350.000	5.118098	8049
59198.799601	8471301350.000	5.428472	8049
59198.799612	8471301350.000	5.354748	8049
59198.799624	8471301350.000	4.806252	8049
59198.799635	8471301350.000	4.720298	8049
59198.799647	8471301350.000	4.803206	8049
59198.799659	8471301350.000	4.812457	8049
59198.799670	8471301350.000	3.991962	8049
59198.799682	8471301350.000	4.898860	8049
59198.799693	8471301350.000	3.688154	8049
59198.799705	8471301350.000	3.647974	8049
59198.799716	8471301325.000	3.789385	8049
59198.799728	8471301350.000	4.599956	8049
59198.799740	8471301325.000	3.808798	8049
59198.799751	8471301350.000	5.018718	8049
59198.799763	8471301350.000	4.050488	8049
59198.799774	8471301350.000	3.824040	8049
59198.799786	8471301350.000	3.717886	8049
59198.799797	8471301350.000	3.805717	8049
59198.799809	8471301325.000	3.026386	8049
59198.799821	8471301325.000	4.209476	8049
59198.799832	8471301325.000	3.906337	8049
59198.799844	8471301325.000	4.734622	8049
59198.799855	8471301325.000	3.928160	8049
59198.799867	8471301325.000	5.126644	8049
59198.799878	8471301325.000	4.581985	8049
59198.799890	8471301325.000	5.007772	8049
59198.799902	8471301325.000	5.176814	8049
59198.799913	8471301325.000	4.590645	8049
59198.799925	8471301325.000	4.897461	8049
59198.799936	8471301325.000	3.581640	8049
59198.799948	8471301325.000	4.645156	8049
59198.799959	8471301325.000	5.310287	8049
59198.799971	8471301325.000	4.327268	8049
59198.799983	8471301325.000	5.444323	8049
59198.799994	8471301325.000	4.475365	8049
59198.800006	8471301325.000	3.320278	8049
59198.800017	8471301325.000	5.275873	8049
59198.800029	8471301325.000	3.718857	8049
59198.800041	8471301325.000	3.160841	8049
59198.800052	8471301325.000	3.810896	8049
59198.800064	8471301325.000	4.283817	8049
59198.800075	8471301325.000	4.322594	8049
59198.800087	8471301325.000	4.940477	8049
59198.800098	8471301325.000	5.098608	8049
59198.800110	8471301325.000	4.384616	8049
59198.800122	8471301325.000	5.240310	8049
59198.800133	8471301325.000	5.226768	8049
59198.800145	8471301325.000	3.667487	8049
59198.800156	8471301325.000	4.576617	8049
59198.800168	8471301325.000	4.923066	8049
59198.800179	8471301325.000	5.978208	8049
59198.800191	8471301325.000	5.228562	8049
59198.800203	8471301325.000	6.116635	8049
59198.800214	8471301325.000	3.493126	8049
59198.800226	8471301325.000	4.275826	8049
59198.800237	8471301325.000	5.555883	8049
59198.800249	8471301325.000	4.637687	8049
59198.800260	8471301325.000	4.160201	8049
59198.800272	8471301325.000	5.348989	8049
59198.800284	8471301325.000	5.503216	8049
59198.800295	8471301325.000	6.041090	8049
59198.800307	8471301325.000	5.533588	8049
59198.800318	8471301325.000	5.292768	8049
59198.800330	8471301325.000	5.819380	8049
59198.800341	8471301325.000	4.695725	8049
59198.800353	8471301325.000	6.539872	8049
59198.800365	8471301325.000	4.543347	8049
59198.800376	8471301325.000	4.002152	8049
59198.800388	8471301325.000	5.923409	8049
59198.800399	8471301325.000	4.161470	8049
59198.800411	8471301325.000	5.221041	8049
59198.800422	8471301325.000	4.238938	8049
59198.800434	8471301325.000	4.866542	8049
59198.800446	8471301325.000	4.843897	8049
59198.800457	8471301325.000	2.996034	8049
59198.800469	8471301325.000	4.796851	8049
59198.800480	8471301325.000	4.862348	8049
59198.800492	8471301325.000	4.596155	8049
59198.800503	8471301325.000	4.088648	8049
59198.800515	8471301325.000	4.465456	8049
59198.800527	8471301325.000	4.026832	8049
59198.800538	8471301325.000	4.060530	8049
59198.800550	8471301325.000	4.588083	8049
59198.800561	8471301325.000	3.361300	8049
59198.800573	8471301325.000	4.149071	8049
59198.800584	8471301325.000	5.201735	8049
59198.800596	8471301325.000	4.131086	8049
59198.800608	8471301325.000	4.149053	8049
59198.800619	8471301325.000	4.398011	8049
59198.800631	8471301325.000	4.264811	8049
59198.800642	8471301325.000	4.944974	8049
59198.800654	8471301300.000	3.853815	8049
59198.800666	8471301325.000	2.496233	8049
59198.800677	8471301325.000	3.132221	8049
59198.800689	8471301325.000	3.392127	8049
59198.800700	8471301325.000	3.239398	8049
59198.800712	8471301325.000	4.814289	8049
59198.800723	8471301300.000	3.539203	8049
59198.800735	8471301325.000	3.602401	8049
59198.800747	8471301300.000	3.154148	8049
59198.800758	8471301300.000	3.818268	8049
59198.800770	8471301300.000	3.661826	8049
59198.800781	8471301300.000	3.544380	8049
59198.800793	8471301300.000	3.910340	8049
59198.800804	8471301300.000	3.555927	8049
59198.800816	8471301300.000	3.200407	8049
59198.800828	8471301300.000	3.747698	8049
59198.800839	8471301300.000	4.675069	8049
59198.800851	8471301325.000	3.795517	8049
59198.800862	8471301300.000	2.998671	8049
59198.800874	8471301300.000	3.730968	8049
59198.800885	8471301300.000	4.242791	8049
59198.800897	8471301300.000	4.489648	8049
59198.800909	8471301300.000	4.194521	8049
59198.800920	8471301300.000	4.190962	8049
59198.800932	8471301300.000	4.083313	8049
59198.800943	8471301300.000	3.800284	8049
59198.800955	8471301300.000	5.173748	8049
59198.800966	8471301300.000	3.797952	8049
59198.800978	8471301300.000	3.828365	8049
59198.800990	8471301300.000	4.866817	8049
59198.801001	8471301300.000	5.363536	8049
59198.801013	8471301300.000	4.034269	8049
59198.801024	8471301300.000	5.536582	8049
59198.801036	8471301300.000	5.510915	8049
59198.801047	8471301300.000	3.978662	8049
59198.801059	8471301300.000	4.922112	8049
59198.801071	8471301300.000	4.660939	8049
59198.801082	8471301300.000	3.568515	8049
59198.801094	8471301300.000	4.198249	8049
59198.801105	8471301300.000	4.284264	8049
59198.801117	8471301300.000	5.452659	8049
59198.801128	8471301300.000	3.997900	8049
59198.801140	8471301300.000	3.101951	8049
59198.801152	8471301300.000	5.439516	8049
59198.801163	8471301300.000	3.677201	8049
59198.801175	8471301300.000	4.037471	8049
59198.801186	8471301300.000	3.769492	8049
59198.801198	8471301300.000	4.532235	8049
59198.801209	8471301300.000	3.757728	8049
59198.801221	8471301300.000	4.118408	8049
59198.801233	8471301300.000	3.964796	8049
59198.801244	8471301300.000	3.115583	8049
59198.801256	8471301300.000	3.708512	8049
59198.801267	8471301300.000	5.629958	8049
59198.801279	8471301300.000	4.252119	8049
59198.801291	8471301300.000	3.544212	8049
59198.801302	8471301300.000	4.169301	8049
59198.801314	8471301300.000	4.790610	8049
59198.801325	8471301300.000	3.980235	8049
59198.801337	8471301300.000	4.638087	8049
59198.801348	8471301300.000	4.352642	8049
59198.801360	8471301300.000	4.703838	8049
59198.801372	8471301300.000	4.260390	8049
59198.801383	8471301300.000	3.692638	8049
59198.801395	8471301300.000	5.124214	8049
59198.801406	8471301300.000	4.740232	8049
59198.801418	8471301300.000	4.705060	8049
59198.801429	8471301300.000	4.035404	8049
59198.801441	8471301300.000	3.665287	8049
59198.801453	8471301300.000	4.461823	8049
59198.801464	8471301300.000	4.216672	8049
59198.801476	8471301300.000	3.045931	8049
59198.801487	8471301300.000	5.088773	8049
59198.801499	8471301300.000	3.475455	8049
59198.801510	8471301300.000	3.635626	8049
59198.801522	8471301300.000	4.506761	8049
59198.801534	8471301300.000	4.071122	8049
59198.801545	8471301300.000	3.708893	8049
59198.801557	8471301300.000	4.793122	8049
59198.801568	8471301300.000	4.219737	8049
59198.801580	8471301300.000	4.104382	8049
59198.801591	8471301300.000	2.724730	8049
59198.801603	8471301300.000	3.282552	8049
59198.801626	8471301300.000	3.614036	8049
59198.801638	8471301275.000	3.085421	8049
59198.801649	8471301275.000	3.652141	8049
59198.801661	8471301300.000	3.361002	8049
59198.801672	8471301300.000	2.946852	8049
59198.801684	8471301300.000	2.941854	8049
59198.801696	8471301275.000	2.582335	8049
59198.801707	8471301275.000	2.926165	8049
59198.801719	8471301275.000	3.252764	8049
59198.801730	8471301275.000	3.095521	8049
59198.801742	8471301275.000	3.659696	8049
59198.801753	8471301275.000	4.326891	8049
59198.801765	8471301275.000	3.417288	8049
59198.801777	8471301275.000	2.775111	8049
59198.801788	8471301275.000	3.513988	8049
59198.801800	8471301275.000	3.341996	8049
59198.801811	8471301275.000	4.174099	8049
59198.801823	8471301275.000	3.993287	8049
59198.801834	8471301275.000	3.505930	8049
59198.801846	8471301275.000	3.698127	8049
59198.801858	8471301275.000	3.907870	8049
59198.801869	8471301275.000	4.194371	8049
59198.801881	8471301275.000	2.767054	8049
59198.801892	8471301275.000	3.562078	8049
59198.801904	8471301275.000	3.670107	8049
59198.801916	8471301275.000	3.636540	8049
59198.801927	8471301275.000	3.479282	8049
59198.801939	8471301275.000	5.170020	8049
59198.801950	8471301275.000	3.487931	8049
59198.801962	8471301275.000	3.483848	8049
59198.801973	8471301275.000	2.801079	8049
59198.801985	8471301275.000	4.092588	8049
59198.801997	8471301275.000	4.137012	8049
59198.802008	8471301275.000	3.077278	8049
59198.802020	8471301275.000	3.768482	8049
59198.802031	8471301275.000	3.511685	8049
59198.802043	8471301275.000	3.275497	8049
59198.802054	8471301275.000	3.282485	8049
59198.802066	8471301275.000	4.061915	8049
59198.802078	8471301275.000	3.547027	8049
59198.802089	8471301275.000	3.731237	8049
59198.802101	8471301275.000	3.041034	8049
59198.802112	8471301275.000	3.514718	8049
59198.802124	8471301275.000	3.049457	8049
59198.802135	8471301275.000	4.672945	8049
59198.802147	8471301275.000	2.848374	8049
59198.802159	8471301275.000	3.723097	8049
59198.802170	8471301275.000	3.594349	8049
59198.802182	8471301275.000	2.812782	8049
59198.802193	8471301275.000	3.288908	8049
59198.802216	8471301275.000	2.900397	8049
59198.802228	8471301275.000	2.652775	8049
59198.802240	8471301275.000	3.221112	8049
59198.802251	8471301275.000	2.926394	8049
59198.802263	8471301275.000	3.008933	8049
59198.802274	8471301275.000	3.209171	8049
59198.802286	8471301275.000	2.615570	8049
59198.802297	8471301275.000	2.751011	8049
59198.802309	8471301275.000	3.538630	8049
59198.802321	8471301275.000	3.667071	8049
59198.802332	8471301275.000	3.010422	8049
59198.802344	8471301275.000	2.436998	8049
59198.802355	8471301275.000	4.164056	8049
59198.802367	8471301275.000	2.751905	8049
59198.802378	8471301275.000	3.268490	8049
59198.802390	8471301275.000	2.600966	8049
59198.802402	8471301275.000	2.553657	8049
59198.802413	8471301275.000	2.617796	8049
59198.802425	8471301275.000	2.993937	8049
59198.802436	8471301275.000	2.486866	8049
59198.802448	8471301275.000	3.134143	8049
59198.802459	8471301275.000	2.405046	8049
59198.802471	8471301275.000	2.682081	8049
59198.802483	8471301275.000	2.946422	8049
59198.802494	8471301275.000	3.146135	8049
59198.802529	8471301275.000	2.496181	8049
59198.802541	8471301275.000	2.810886	8049
59198.802552	8471301275.000	2.556995	8049
59198.802564	8471301275.000	2.709061	8049
59198.802575	8471301275.000	3.431409	8049
59198.802587	8471301275.000	2.735297	8049
59198.802598	8471301275.000	2.415778	8049
59198.802610	8471301275.000	2.799511	8049
59198.802622	8471301275.000	3.245056	8049
59198.802633	8471301275.000	2.839297	8049
59198.802645	8471301275.000	3.441458	8049
59198.802656	8471301275.000	3.152247	8049
59198.802668	8471301275.000	3.231439	8049
59198.802691	8471301250.000	2.627290	8049
59198.802703	8471301250.000	2.452454	8049
59198.802726	8471301250.000	2.325742	8049
59198.802737	8471301250.000	2.595933	8049
59198.802749	8471301250.000	3.339326	8049
59198.802760	8471301250.000	2.465507	8049
59198.802784	8471301250.000	3.033321	8049
59198.802795	8471301250.000	2.511442	8049
59198.802807	8471301250.000	2.275413	8049
59198.802818	8471301250.000	2.537200	8049
59198.802830	8471301250.000	2.423816	8049
59198.802841	8471301250.000	2.384095	8049
59198.802865	8471301250.000	2.529916	8049
59198.802876	8471301250.000	3.136434	8049
59198.802899	8471301250.000	2.719714	8049
59198.802911	8471301250.000	3.106659	8049
59198.802922	8471301250.000	3.507388	8049
59198.802934	8471301250.000	2.372034	8049
59198.802969	8471301250.000	2.511766	8049
59198.802992	8471301250.000	3.089391	8049
59198.803003	8471301250.000	3.375987	8049
59198.803015	8471301250.000	2.698926	8049
59198.803027	8471301250.000	2.189176	8049
59198.803038	8471301250.000	2.214776	8049
59198.803050	8471301250.000	3.154155	8049
59198.803061	8471301250.000	2.733441	8049
59198.803073	8471301250.000	2.812822	8049
59198.803096	8471301250.000	2.750468	8049
59198.803108	8471301250.000	2.649546	8049
59198.803119	8471301250.000	2.932925	8049
59198.803131	8471301250.000	2.451190	8049
59198.803142	8471301250.000	2.358390	8049
59198.803154	8471301250.000	2.630356	8049
59198.803212	8471301250.000	2.366995	8049
59198.803235	8471301250.000	2.566487	8049
59198.803247	8471301250.000	2.628742	8049
59198.803281	8471301250.000	2.581975	8049
59198.803328	8471301250.000	2.681388	8049
59198.803339	8471301250.000	2.760314	8049
59198.803397	8471301250.000	2.517514	8049
59198.803466	8471301250.000	2.598259	8049
59198.803513	8471301250.000	2.622582	8049
59198.804057	8471301225.000	2.358124	8049
59198.804439	8471301225.000	2.405974	8049
59198.804450	8471301225.000	2.241059	8049
59198.804462	8471301225.000	2.491181	8049
59198.804473	8471301225.000	2.575065	8049
59198.804925	8471301200.000	2.380436	8049
59198.805017	8471301200.000	2.782596	8049
59198.805122	8471301200.000	2.970891	8049
59198.805168	8471301200.000	2.467243	8049
59198.805272	8471301200.000	3.200885	8049
59198.805284	8471301200.000	2.367611	8049
59198.805307	8471301200.000	2.447215	8049
59198.805469	8471301200.000	2.633230	8049
59198.805839	8471301175.000	2.487298	8049
59198.805897	8471301175.000	2.609547	8049
59198.805943	8471301175.000	2.605180	8049
59198.806013	8471301175.000	2.696503	8049
59198.806209	8471301175.000	3.248976	8049
