59196.687118	8471257100.000	0.942608	9999
59196.687234	8471257000.000	0.889902	9999
59196.687350	8471257000.000	1.022510	9999
59196.687465	8471257000.000	1.129416	9999
59196.687581	8471257000.000	1.211004	9999
59196.687697	8471257000.000	1.246010	9999
59196.687813	8471257000.000	1.235723	9999
59196.687928	8471257000.000	1.180189	9999
59196.688044	8471257000.000	1.103055	9999
59196.688160	8471257000.000	0.967879	9999
59196.688275	8471256900.000	0.866948	9999
59196.688391	8471256900.000	1.018029	9999
59196.688507	8471256900.000	1.118203	9999
59196.688623	8471256900.000	1.215038	9999
59196.688738	8471256900.000	1.256622	9999
59196.688854	8471256900.000	1.257123	9999
59196.688970	8471256900.000	1.200471	9999
59196.689086	8471256900.000	1.126654	9999
59196.689201	8471256900.000	1.001508	9999
59196.689317	8471256900.000	0.853114	9999
59196.689433	8471256800.000	0.988040	9999
59196.689549	8471256800.000	1.110609	9999
59196.689664	8471256800.000	1.194282	9999
59196.689780	8471256800.000	1.266543	9999
59196.689896	8471256800.000	1.270847	9999
59196.690012	8471256800.000	1.223448	9999
59196.690127	8471256800.000	1.137079	9999
59196.690243	8471256800.000	1.025406	9999
59196.690359	8471256800.000	0.891461	9999
59196.690475	8471256700.000	0.975207	9999
59196.690590	8471256700.000	1.105657	9999
59196.690706	8471256700.000	1.206073	9999
59196.690822	8471256700.000	1.241744	9999
59196.690938	8471256700.000	1.267627	9999
59196.691053	8471256700.000	1.243683	9999
59196.691169	8471256700.000	1.159801	9999
59196.691285	8471256700.000	1.050915	9999
59196.691400	8471256700.000	0.919447	9999
59196.691516	8471256600.000	0.944926	9999
59196.691632	8471256600.000	1.074233	9999
59196.691748	8471256600.000	1.202215	9999
59196.691863	8471256600.000	1.255144	9999
59196.691979	8471256600.000	1.273334	9999
59196.692095	8471256600.000	1.262343	9999
59196.692211	8471256600.000	1.185054	9999
59196.692326	8471256600.000	1.059742	9999
59196.692442	8471256600.000	0.932038	9999
59196.692558	8471256500.000	0.926110	9999
59196.692674	8471256500.000	1.051566	9999
59196.692789	8471256500.000	1.162995	9999
59196.692905	8471256500.000	1.248174	9999
59196.693021	8471256500.000	1.258698	9999
59196.693137	8471256500.000	1.234556	9999
59196.693252	8471256500.000	1.168672	9999
59196.693368	8471256500.000	1.064725	9999
59196.693484	8471256500.000	0.945479	9999
59196.693600	8471256400.000	0.895005	9999
59196.693715	8471256400.000	1.022091	9999
59196.693831	8471256400.000	1.135654	9999
59196.693947	8471256400.000	1.226787	9999
59196.694063	8471256400.000	1.259598	9999
59196.694178	8471256400.000	1.241030	9999
59196.694294	8471256400.000	1.193907	9999
59196.694410	8471256400.000	1.106332	9999
59196.694525	8471256400.000	0.972848	9999
59196.694641	8471256300.000	0.872381	9999
59196.694757	8471256300.000	1.027042	9999
59196.694873	8471256300.000	1.139193	9999
59196.694988	8471256300.000	1.222532	9999
59196.695104	8471256300.000	1.261142	9999
59196.695220	8471256300.000	1.261108	9999
59196.695336	8471256300.000	1.209047	9999
59196.695451	8471256300.000	1.106963	9999
59196.695567	8471256300.000	0.989826	9999
59196.695683	8471256200.000	0.856874	9999
59196.695799	8471256200.000	0.986413	9999
59196.695914	8471256200.000	1.123158	9999
59196.696030	8471256200.000	1.214885	9999
59196.696146	8471256200.000	1.272326	9999
59196.696262	8471256200.000	1.254406	9999
59196.696377	8471256200.000	1.215056	9999
59196.696493	8471256200.000	1.142529	9999
59196.696609	8471256200.000	1.018706	9999
59196.696724	8471256200.000	0.866205	9999
59196.696840	8471256100.000	0.969898	9999
59196.696956	8471256100.000	1.089310	9999
59196.697072	8471256100.000	1.198808	9999
59196.697187	8471256100.000	1.251075	9999
59196.697303	8471256100.000	1.269925	9999
59196.697419	8471256100.000	1.212639	9999
59196.697535	8471256100.000	1.145800	9999
59196.697650	8471256100.000	1.028660	9999
59196.697766	8471256100.000	0.904191	9999
59196.697882	8471256000.000	0.934368	9999
59196.697998	8471256000.000	1.081359	9999
59196.698113	8471256000.000	1.178893	9999
59196.698229	8471256000.000	1.263871	9999
59196.698345	8471256000.000	1.263751	9999
59196.698461	8471256000.000	1.237027	9999
59196.698576	8471256000.000	1.165973	9999
59196.698692	8471256000.000	1.058531	9999
59196.698808	8471256000.000	0.925851	9999
59196.698924	8471255900.000	0.921561	9999
59196.699039	8471255900.000	1.066989	9999
59196.699155	8471255900.000	1.158349	9999
59196.699271	8471255900.000	1.223834	9999
59196.699387	8471255900.000	1.241269	9999
59196.699502	8471255900.000	1.218002	9999
59196.699618	8471255900.000	1.161708	9999
59196.699734	8471255900.000	1.061288	9999
59196.699850	8471255900.000	0.940138	9999
59196.699965	8471255800.000	0.893752	9999
59196.700081	8471255800.000	1.023044	9999
59196.700197	8471255800.000	1.138829	9999
59196.700312	8471255800.000	1.230799	9999
59196.700428	8471255800.000	1.241203	9999
59196.700544	8471255800.000	1.249097	9999
59196.700660	8471255800.000	1.176695	9999
59196.700775	8471255800.000	1.094855	9999
59196.700891	8471255800.000	0.946130	9999
59196.701007	8471255700.000	0.875041	9999
59196.701123	8471255700.000	1.017860	9999
59196.701238	8471255700.000	1.113847	9999
59196.701354	8471255700.000	1.200387	9999
59196.701470	8471255700.000	1.241267	9999
59196.701586	8471255700.000	1.249567	9999
59196.701701	8471255700.000	1.184915	9999
59196.701817	8471255700.000	1.104547	9999
59196.701933	8471255700.000	0.981418	9999
59196.702049	8471255600.000	0.844889	9999
59196.702164	8471255600.000	0.979531	9999
59196.702280	8471255600.000	1.101712	9999
59196.702396	8471255600.000	1.194488	9999
59196.702512	8471255600.000	1.247765	9999
59196.702627	8471255600.000	1.234170	9999
59196.702743	8471255600.000	1.203203	9999
59196.702859	8471255600.000	1.115812	9999
59196.702975	8471255600.000	0.993991	9999
59196.703090	8471255600.000	0.857273	9999
59196.703206	8471255500.000	0.947612	9999
59196.703322	8471255500.000	1.070789	9999
59196.703438	8471255500.000	1.167226	9999
59196.703553	8471255500.000	1.209968	9999
59196.703669	8471255500.000	1.227360	9999
59196.703785	8471255500.000	1.198239	9999
59196.703900	8471255500.000	1.122479	9999
59196.704016	8471255500.000	1.009184	9999
59196.704132	8471255500.000	0.874453	9999
59196.704248	8471255400.000	0.911362	9999
59196.704363	8471255400.000	1.043863	9999
59196.704479	8471255400.000	1.138200	9999
59196.704595	8471255400.000	1.196794	9999
59196.704711	8471255400.000	1.219049	9999
59196.704826	8471255400.000	1.195827	9999
59196.704942	8471255400.000	1.135002	9999
59196.705058	8471255400.000	1.037220	9999
59196.705174	8471255400.000	0.901446	9999
59196.705289	8471255300.000	0.871216	9999
59196.705405	8471255300.000	1.013795	9999
59196.705521	8471255300.000	1.105979	9999
59196.705637	8471255300.000	1.172383	9999
59196.705752	8471255300.000	1.205333	9999
59196.705868	8471255300.000	1.197413	9999
59196.705984	8471255300.000	1.142931	9999
59196.706100	8471255300.000	1.044030	9999
59196.706215	8471255300.000	0.916261	9999
59196.706331	8471255200.000	0.843879	9999
59196.706447	8471255200.000	0.970720	9999
59196.706563	8471255200.000	1.082932	9999
59196.706678	8471255200.000	1.152072	9999
59196.706794	8471255200.000	1.199341	9999
59196.706910	8471255200.000	1.197557	9999
59196.707025	8471255200.000	1.130079	9999
59196.707141	8471255200.000	1.049996	9999
59196.707257	8471255200.000	0.941411	9999
59196.707373	8471255100.000	0.803727	9999
59196.707488	8471255100.000	0.929994	9999
59196.707604	8471255100.000	1.044946	9999
59196.707720	8471255100.000	1.134169	9999
59196.707836	8471255100.000	1.181841	9999
59196.707951	8471255100.000	1.176048	9999
59196.708067	8471255100.000	1.138652	9999
59196.708183	8471255100.000	1.056568	9999
59196.708299	8471255100.000	0.943471	9999
59196.708414	8471255100.000	0.818784	9999
59196.708530	8471255000.000	0.884585	9999
59196.708646	8471255000.000	1.011068	9999
59196.708762	8471255000.000	1.100733	9999
59196.708877	8471255000.000	1.142574	9999
59196.708993	8471255000.000	1.177602	9999
59196.709109	8471255000.000	1.135223	9999
59196.709225	8471255000.000	1.054513	9999
59196.709340	8471255000.000	0.939486	9999
59196.709456	8471255000.000	0.820241	9999
59196.709572	8471254900.000	0.853108	9999
59196.709688	8471254900.000	0.977934	9999
59196.709803	8471254900.000	1.065415	9999
59196.709919	8471254900.000	1.114350	9999
59196.710035	8471254900.000	1.125991	9999
59196.710150	8471254900.000	1.118587	9999
59196.710266	8471254900.000	1.059371	9999
59196.710382	8471254900.000	0.975054	9999
59196.710498	8471254900.000	0.843388	9999
59196.710613	8471254800.000	0.813886	9999
59196.710729	8471254800.000	0.918210	9999
59196.710845	8471254800.000	1.022563	9999
59196.710961	8471254800.000	1.109517	9999
59196.711076	8471254800.000	1.122554	9999
59196.711192	8471254800.000	1.114915	9999
59196.711308	8471254800.000	1.064951	9999
59196.711424	8471254800.000	0.976721	9999
59196.711539	8471254800.000	0.869182	9999
59196.711655	8471254700.000	0.753153	9999
59196.711771	8471254700.000	0.894080	9999
59196.711887	8471254700.000	0.993708	9999
59196.712002	8471254700.000	1.056009	9999
59196.712118	8471254700.000	1.101323	9999
59196.712234	8471254700.000	1.092317	9999
59196.712349	8471254700.000	1.064058	9999
59196.712465	8471254700.000	0.984377	9999
59196.712581	8471254700.000	0.882270	9999
59196.712697	8471254700.000	0.754205	9999
59196.712812	8471254600.000	0.847020	9999
59196.712928	8471254600.000	0.939118	9999
59196.713044	8471254600.000	1.026653	9999
59196.713160	8471254600.000	1.071461	9999
59196.713275	8471254600.000	1.090982	9999
59196.713391	8471254600.000	1.060355	9999
59196.713507	8471254600.000	1.001575	9999
59196.713623	8471254600.000	0.898617	9999
59196.713738	8471254600.000	0.779446	9999
59196.713854	8471254500.000	0.805213	9999
59196.713970	8471254500.000	0.919936	9999
59196.714086	8471254500.000	0.993900	9999
59196.714201	8471254500.000	1.047349	9999
59196.714317	8471254500.000	1.074742	9999
59196.714433	8471254500.000	1.053801	9999
59196.714549	8471254500.000	0.996605	9999
59196.714664	8471254500.000	0.902109	9999
59196.714780	8471254500.000	0.801928	9999
59196.714896	8471254400.000	0.758627	9999
59196.715012	8471254400.000	0.873819	9999
59196.715127	8471254400.000	0.968712	9999
59196.715243	8471254400.000	1.026057	9999
59196.715359	8471254400.000	1.046019	9999
59196.715475	8471254400.000	1.022281	9999
59196.715590	8471254400.000	0.992435	9999
59196.715706	8471254400.000	0.917970	9999
59196.715822	8471254400.000	0.818633	9999
59196.715937	8471254300.000	0.707611	9999
59196.716053	8471254300.000	0.820778	9999
59196.716169	8471254300.000	0.919084	9999
59196.716285	8471254300.000	0.981297	9999
59196.716400	8471254300.000	1.014758	9999
59196.716516	8471254300.000	1.031867	9999
59196.716632	8471254300.000	0.985429	9999
59196.716748	8471254300.000	0.923011	9999
59196.716863	8471254300.000	0.822607	9999
59196.716979	8471254300.000	0.711190	9999
59196.717095	8471254200.000	0.777338	9999
59196.717211	8471254200.000	0.875592	9999
59196.717326	8471254200.000	0.942325	9999
59196.717442	8471254200.000	0.994296	9999
59196.717558	8471254200.000	1.013484	9999
59196.717674	8471254200.000	0.980430	9999
59196.717789	8471254200.000	0.927005	9999
59196.717905	8471254200.000	0.835652	9999
59196.718021	8471254200.000	0.732344	9999
59196.718137	8471254100.000	0.725393	9999
59196.718252	8471254100.000	0.815178	9999
59196.718368	8471254100.000	0.902795	9999
59196.718484	8471254100.000	0.959491	9999
59196.718600	8471254100.000	0.986128	9999
59196.718715	8471254100.000	0.968252	9999
59196.718831	8471254100.000	0.921494	9999
59196.718947	8471254100.000	0.843211	9999
59196.719063	8471254100.000	0.744987	9999
59196.719178	8471254000.000	0.676448	9999
59196.719294	8471254000.000	0.772276	9999
59196.719410	8471254000.000	0.867055	9999
59196.719525	8471254000.000	0.923694	9999
59196.719641	8471254000.000	0.944583	9999
59196.719757	8471254000.000	0.948200	9999
59196.719873	8471254000.000	0.919580	9999
59196.719988	8471254000.000	0.850237	9999
59196.720104	8471254000.000	0.768339	9999
59196.720220	8471254000.000	0.646946	9999
59196.720336	8471253900.000	0.739039	9999
59196.720451	8471253900.000	0.815448	9999
59196.720567	8471253900.000	0.894259	9999
59196.720683	8471253900.000	0.926136	9999
59196.720799	8471253900.000	0.937894	9999
59196.720914	8471253900.000	0.913311	9999
59196.721030	8471253900.000	0.854218	9999
59196.721146	8471253900.000	0.783154	9999
59196.721262	8471253900.000	0.672742	9999
59196.721377	8471253800.000	0.679330	9999
59196.721493	8471253800.000	0.766501	9999
59196.721609	8471253800.000	0.849207	9999
59196.721725	8471253800.000	0.900324	9999
59196.721840	8471253800.000	0.907107	9999
59196.721956	8471253800.000	0.896354	9999
59196.722072	8471253800.000	0.853564	9999
59196.722188	8471253800.000	0.781915	9999
59196.722303	8471253800.000	0.696752	9999
59196.722419	8471253700.000	0.623019	9999
59196.722535	8471253700.000	0.718527	9999
59196.722650	8471253700.000	0.803737	9999
59196.722766	8471253700.000	0.847285	9999
59196.722882	8471253700.000	0.886093	9999
59196.722998	8471253700.000	0.886779	9999
59196.723113	8471253700.000	0.852625	9999
59196.723229	8471253700.000	0.795018	9999
59196.723345	8471253700.000	0.711331	9999
59196.723461	8471253700.000	0.614203	9999
59196.723576	8471253600.000	0.659985	9999
59196.723692	8471253600.000	0.748057	9999
59196.723808	8471253600.000	0.813968	9999
59196.723924	8471253600.000	0.858490	9999
59196.724039	8471253600.000	0.857986	9999
59196.724155	8471253600.000	0.835412	9999
59196.724271	8471253600.000	0.804481	9999
59196.724387	8471253600.000	0.725210	9999
59196.724502	8471253600.000	0.636673	9999
59196.724618	8471253500.000	0.613999	9999
59196.724734	8471253500.000	0.699542	9999
59196.724850	8471253500.000	0.773110	9999
59196.724965	8471253500.000	0.825879	9999
59196.725081	8471253500.000	0.837573	9999
59196.725197	8471253500.000	0.835943	9999
59196.725313	8471253500.000	0.787703	9999
59196.725428	8471253500.000	0.727290	9999
59196.725544	8471253500.000	0.659173	9999
59196.725660	8471253500.000	0.560517	9999
59196.725775	8471253400.000	0.639821	9999
59196.725891	8471253400.000	0.721835	9999
59196.726007	8471253400.000	0.781046	9999
59196.726123	8471253400.000	0.803543	9999
59196.726238	8471253400.000	0.804483	9999
59196.726354	8471253400.000	0.786242	9999
59196.726470	8471253400.000	0.739788	9999
59196.726586	8471253400.000	0.671066	9999
59196.726701	8471253400.000	0.591334	9999
59196.726817	8471253300.000	0.597276	9999
59196.726933	8471253300.000	0.681762	9999
59196.727049	8471253300.000	0.736202	9999
59196.727164	8471253300.000	0.783959	9999
59196.727280	8471253300.000	0.797140	9999
59196.727396	8471253300.000	0.791715	9999
59196.727512	8471253300.000	0.750145	9999
59196.727627	8471253300.000	0.683853	9999
59196.727743	8471253300.000	0.606667	9999
59196.727859	8471253200.000	0.533884	9999
59196.727974	8471253200.000	0.615854	9999
59196.728090	8471253200.000	0.686503	9999
59196.728206	8471253200.000	0.739095	9999
59196.728322	8471253200.000	0.759156	9999
59196.728437	8471253200.000	0.764525	9999
59196.728553	8471253200.000	0.736757	9999
59196.728669	8471253200.000	0.685273	9999
59196.728785	8471253200.000	0.616293	9999
59196.728900	8471253200.000	0.526297	9999
59196.729016	8471253100.000	0.558874	9999
59196.729132	8471253100.000	0.632703	9999
59196.729248	8471253100.000	0.690663	9999
59196.729363	8471253100.000	0.733400	9999
59196.729479	8471253100.000	0.737734	9999
59196.729595	8471253100.000	0.731088	9999
59196.729711	8471253100.000	0.682810	9999
59196.729826	8471253100.000	0.641711	9999
59196.729942	8471253100.000	0.556568	9999
59196.730058	8471253000.000	0.503118	9999
59196.730174	8471253000.000	0.573313	9999
59196.730289	8471253000.000	0.639630	9999
59196.730405	8471253000.000	0.691246	9999
59196.730521	8471253000.000	0.711047	9999
59196.730637	8471253000.000	0.713023	9999
59196.730752	8471253000.000	0.656296	9999
59196.730868	8471253000.000	0.609422	9999
59196.730984	8471253000.000	0.565237	9999
59196.731100	8471253000.000	0.376239	9999
59196.731215	8471252900.000	0.370486	9999
59196.731331	8471252900.000	0.417230	9999
59196.731447	8471252900.000	0.544076	9999
59196.731562	8471252900.000	0.689792	9999
59196.731678	8471252900.000	0.701477	9999
59196.731794	8471252900.000	0.477759	9999
59196.731910	8471252900.000	0.353385	9999
59196.732025	8471252900.000	0.326951	9999
59196.732141	8471252900.000	0.634803	9999
59196.732257	8471252800.000	0.654650	9999
59196.732373	8471252800.000	0.782113	9999
59196.732488	8471252800.000	0.907263	9999
59196.732604	8471252800.000	0.976338	9999
59196.732720	8471252800.000	0.918388	9999
59196.732836	8471252800.000	0.828016	9999
59196.732951	8471252800.000	0.898411	9999
59196.733067	8471252800.000	0.913383	9999
59196.733183	8471252800.000	0.828915	9999
59196.733299	8471252800.000	0.719366	9999
59196.733414	8471252700.000	0.746033	9999
59196.733530	8471252700.000	0.843339	9999
59196.733646	8471252700.000	0.923012	9999
59196.733762	8471252700.000	0.980530	9999
59196.733877	8471252700.000	0.998866	9999
59196.733993	8471252700.000	0.985956	9999
59196.734109	8471252700.000	0.941128	9999
59196.734225	8471252700.000	0.868366	9999
59196.734340	8471252700.000	0.775940	9999
59196.734456	8471252600.000	0.665119	9999
59196.734572	8471252600.000	0.776526	9999
59196.734688	8471252600.000	0.862932	9999
59196.734803	8471252600.000	0.939887	9999
59196.734919	8471252600.000	0.974387	9999
59196.735035	8471252600.000	0.984594	9999
59196.735150	8471252600.000	0.948796	9999
59196.735266	8471252600.000	0.906861	9999
59196.735382	8471252600.000	0.808571	9999
59196.735498	8471252600.000	0.718982	9999
59196.735613	8471252500.000	0.705770	9999
59196.735729	8471252500.000	0.802140	9999
59196.735845	8471252500.000	0.889391	9999
59196.735961	8471252500.000	0.943993	9999
59196.736076	8471252500.000	0.971405	9999
59196.736192	8471252500.000	0.966379	9999
59196.736308	8471252500.000	0.926457	9999
59196.736424	8471252500.000	0.846568	9999
59196.736539	8471252500.000	0.765453	9999
59196.736655	8471252500.000	0.661874	9999
59196.736771	8471252400.000	0.729725	9999
59196.736887	8471252400.000	0.823256	9999
59196.737002	8471252400.000	0.886824	9999
59196.737118	8471252400.000	0.929716	9999
59196.737234	8471252400.000	0.937067	9999
59196.737350	8471252400.000	0.930120	9999
59196.737465	8471252400.000	0.882010	9999
59196.737581	8471252400.000	0.804782	9999
59196.737697	8471252400.000	0.705131	9999
59196.737813	8471252300.000	0.653140	9999
59196.737928	8471252300.000	0.746507	9999
59196.738044	8471252300.000	0.827828	9999
59196.738160	8471252300.000	0.884922	9999
59196.738275	8471252300.000	0.921246	9999
59196.738391	8471252300.000	0.917646	9999
59196.738507	8471252300.000	0.887900	9999
59196.738623	8471252300.000	0.823611	9999
59196.738738	8471252300.000	0.750265	9999
59196.738854	8471252300.000	0.663749	9999
59196.738970	8471252200.000	0.669357	9999
59196.739086	8471252200.000	0.760304	9999
59196.739201	8471252200.000	0.840589	9999
59196.739317	8471252200.000	0.884490	9999
59196.739433	8471252200.000	0.905946	9999
59196.739549	8471252200.000	0.900535	9999
59196.739664	8471252200.000	0.860409	9999
59196.739780	8471252200.000	0.793574	9999
59196.739896	8471252200.000	0.712617	9999
59196.740012	8471252200.000	0.613944	9999
59196.740127	8471252100.000	0.687013	9999
59196.740243	8471252100.000	0.769497	9999
59196.740359	8471252100.000	0.833411	9999
59196.740475	8471252100.000	0.869891	9999
59196.740590	8471252100.000	0.886939	9999
59196.740706	8471252100.000	0.880017	9999
59196.740822	8471252100.000	0.818578	9999
59196.740938	8471252100.000	0.754804	9999
59196.741053	8471252100.000	0.672282	9999
59196.741169	8471252000.000	0.602933	9999
59196.741285	8471252000.000	0.697749	9999
59196.741400	8471252000.000	0.782873	9999
59196.741516	8471252000.000	0.830751	9999
59196.741632	8471252000.000	0.863533	9999
59196.741748	8471252000.000	0.861769	9999
59196.741863	8471252000.000	0.845126	9999
59196.741979	8471252000.000	0.780946	9999
59196.742095	8471252000.000	0.715711	9999
59196.742211	8471252000.000	0.631951	9999
59196.742326	8471251900.000	0.616821	9999
59196.742442	8471251900.000	0.695858	9999
59196.742558	8471251900.000	0.761326	9999
59196.742674	8471251900.000	0.817761	9999
59196.742789	8471251900.000	0.848527	9999
59196.742905	8471251900.000	0.836583	9999
59196.743021	8471251900.000	0.804403	9999
59196.743137	8471251900.000	0.742148	9999
59196.743252	8471251900.000	0.675821	9999
59196.743368	8471251900.000	0.582188	9999
59196.743484	8471251800.000	0.625832	9999
59196.743599	8471251800.000	0.700899	9999
59196.743715	8471251800.000	0.753833	9999
59196.743831	8471251800.000	0.797020	9999
59196.743947	8471251800.000	0.816377	9999
59196.744062	8471251800.000	0.814133	9999
59196.744178	8471251800.000	0.769945	9999
59196.744294	8471251800.000	0.710658	9999
59196.744410	8471251800.000	0.635341	9999
59196.744525	8471251800.000	0.556029	9999
59196.744641	8471251700.000	0.627882	9999
59196.744757	8471251700.000	0.696797	9999
59196.744873	8471251700.000	0.757774	9999
59196.744988	8471251700.000	0.786249	9999
59196.745104	8471251700.000	0.801209	9999
59196.745220	8471251700.000	0.780950	9999
59196.745336	8471251700.000	0.748445	9999
59196.745451	8471251700.000	0.675753	9999
59196.745567	8471251700.000	0.606070	9999
59196.745683	8471251600.000	0.537549	9999
59196.745799	8471251600.000	0.628490	9999
59196.745914	8471251600.000	0.697940	9999
59196.746030	8471251600.000	0.739490	9999
59196.746146	8471251600.000	0.770980	9999
59196.746262	8471251600.000	0.777258	9999
59196.746377	8471251600.000	0.761468	9999
59196.746493	8471251600.000	0.717546	9999
59196.746609	8471251600.000	0.661074	9999
59196.746725	8471251600.000	0.587901	9999
59196.746840	8471251500.000	0.543601	9999
59196.746956	8471251500.000	0.614591	9999
59196.747072	8471251500.000	0.685706	9999
59196.747187	8471251500.000	0.742112	9999
59196.747303	8471251500.000	0.756950	9999
59196.747419	8471251500.000	0.749611	9999
59196.747535	8471251500.000	0.742358	9999
59196.747650	8471251500.000	0.691312	9999
59196.747766	8471251500.000	0.639316	9999
59196.747882	8471251500.000	0.563984	9999
59196.747998	8471251400.000	0.535698	9999
59196.748113	8471251400.000	0.614500	9999
59196.748229	8471251400.000	0.671001	9999
59196.748345	8471251400.000	0.722661	9999
59196.748461	8471251400.000	0.743742	9999
59196.748576	8471251400.000	0.736185	9999
59196.748692	8471251400.000	0.718042	9999
59196.748808	8471251400.000	0.671726	9999
59196.748924	8471251400.000	0.608552	9999
59196.749039	8471251400.000	0.534783	9999
59196.749155	8471251300.000	0.527513	9999
59196.749271	8471251300.000	0.603234	9999
59196.749387	8471251300.000	0.665466	9999
59196.749502	8471251300.000	0.688887	9999
59196.749618	8471251300.000	0.719251	9999
59196.749734	8471251300.000	0.730838	9999
59196.749850	8471251300.000	0.701472	9999
59196.749965	8471251300.000	0.647633	9999
59196.750081	8471251300.000	0.590614	9999
59196.750197	8471251300.000	0.516533	9999
59196.750313	8471251200.000	0.520962	9999
59196.750428	8471251200.000	0.589352	9999
59196.750544	8471251200.000	0.642179	9999
59196.750660	8471251200.000	0.684880	9999
59196.750775	8471251200.000	0.700006	9999
59196.750891	8471251200.000	0.702681	9999
59196.751007	8471251200.000	0.672153	9999
59196.751123	8471251200.000	0.625060	9999
59196.751238	8471251200.000	0.576913	9999
59196.751354	8471251200.000	0.496278	9999
59196.751470	8471251100.000	0.505646	9999
59196.751586	8471251100.000	0.575697	9999
59196.751701	8471251100.000	0.641378	9999
59196.751817	8471251100.000	0.667659	9999
59196.751933	8471251100.000	0.684661	9999
59196.752049	8471251100.000	0.679795	9999
59196.752164	8471251100.000	0.663931	9999
59196.752280	8471251100.000	0.619827	9999
59196.752396	8471251100.000	0.547244	9999
59196.752512	8471251100.000	0.483927	9999
59196.752627	8471251000.000	0.498495	9999
59196.752743	8471251000.000	0.558360	9999
59196.752859	8471251000.000	0.602966	9999
59196.752975	8471251000.000	0.646423	9999
59196.753090	8471251000.000	0.660365	9999
59196.753206	8471251000.000	0.663321	9999
59196.753322	8471251000.000	0.641252	9999
59196.753438	8471251000.000	0.601219	9999
59196.753553	8471251000.000	0.551987	9999
59196.753669	8471251000.000	0.478921	9999
59196.753785	8471250900.000	0.478515	9999
59196.753900	8471250900.000	0.538238	9999
59196.754016	8471250900.000	0.587885	9999
59196.754132	8471250900.000	0.617974	9999
59196.754248	8471250900.000	0.630632	9999
59196.754363	8471250900.000	0.637928	9999
59196.754479	8471250900.000	0.626641	9999
59196.754595	8471250900.000	0.582704	9999
59196.754711	8471250900.000	0.528225	9999
59196.754826	8471250900.000	0.465957	9999
59196.754942	8471250800.000	0.461156	9999
59196.755058	8471250800.000	0.519400	9999
59196.755174	8471250800.000	0.566041	9999
59196.755289	8471250800.000	0.595102	9999
59196.755405	8471250800.000	0.626307	9999
59196.755521	8471250800.000	0.629924	9999
59196.755637	8471250800.000	0.605589	9999
59196.755752	8471250800.000	0.573408	9999
59196.755868	8471250800.000	0.523000	9999
59196.755984	8471250800.000	0.457716	9999
59196.756100	8471250700.000	0.439958	9999
59196.756215	8471250700.000	0.492740	9999
59196.756331	8471250700.000	0.547477	9999
59196.756447	8471250700.000	0.580547	9999
59196.756563	8471250700.000	0.597827	9999
59196.756678	8471250700.000	0.598525	9999
59196.756794	8471250700.000	0.584131	9999
59196.756910	8471250700.000	0.559211	9999
59196.757025	8471250700.000	0.509340	9999
59196.757141	8471250700.000	0.452763	9999
59196.757257	8471250600.000	0.416702	9999
59196.757373	8471250600.000	0.470582	9999
59196.757488	8471250600.000	0.521731	9999
59196.757604	8471250600.000	0.551947	9999
59196.757720	8471250600.000	0.575948	9999
59196.757836	8471250600.000	0.588954	9999
59196.757951	8471250600.000	0.565821	9999
59196.758067	8471250600.000	0.544474	9999
59196.758183	8471250600.000	0.503992	9999
59196.758299	8471250600.000	0.457720	9999
59196.758414	8471250500.000	0.392638	9999
59196.758530	8471250500.000	0.450102	9999
59196.758646	8471250500.000	0.499471	9999
59196.758762	8471250500.000	0.525243	9999
59196.758877	8471250500.000	0.563463	9999
59196.758993	8471250500.000	0.564622	9999
59196.759109	8471250500.000	0.557471	9999
59196.759225	8471250500.000	0.531799	9999
59196.759340	8471250500.000	0.492247	9999
59196.759456	8471250500.000	0.447905	9999
59196.759572	8471250500.000	0.388206	9999
59196.759687	8471250400.000	0.418099	9999
59196.759803	8471250400.000	0.474061	9999
59196.759919	8471250400.000	0.504156	9999
59196.760035	8471250400.000	0.533303	9999
59196.760150	8471250400.000	0.547415	9999
59196.760266	8471250400.000	0.548324	9999
59196.760382	8471250400.000	0.531462	9999
59196.760498	8471250400.000	0.491903	9999
59196.760613	8471250400.000	0.452005	9999
59196.760729	8471250400.000	0.396475	9999
59196.760845	8471250300.000	0.393539	9999
59196.760961	8471250300.000	0.435427	9999
59196.761076	8471250300.000	0.480704	9999
59196.761192	8471250300.000	0.522260	9999
59196.761308	8471250300.000	0.528234	9999
59196.761424	8471250300.000	0.527699	9999
59196.761539	8471250300.000	0.521572	9999
59196.761655	8471250300.000	0.482490	9999
59196.761771	8471250300.000	0.455214	9999
59196.761887	8471250300.000	0.392195	9999
59196.762002	8471250200.000	0.362033	9999
59196.762118	8471250200.000	0.413377	9999
59196.762234	8471250200.000	0.453585	9999
59196.762350	8471250200.000	0.484534	9999
59196.762465	8471250200.000	0.503087	9999
59196.762581	8471250200.000	0.511258	9999
59196.762697	8471250200.000	0.504076	9999
59196.762813	8471250200.000	0.483771	9999
59196.762928	8471250200.000	0.441278	9999
59196.763044	8471250200.000	0.401199	9999
59196.763160	8471250200.000	0.348468	9999
59196.763275	8471250100.000	0.383339	9999
59196.763391	8471250100.000	0.421562	9999
59196.763507	8471250100.000	0.455629	9999
59196.763623	8471250100.000	0.474957	9999
59196.763738	8471250100.000	0.488042	9999
59196.763854	8471250100.000	0.487395	9999
59196.763970	8471250100.000	0.474257	9999
59196.764086	8471250100.000	0.447647	9999
59196.764201	8471250100.000	0.404460	9999
59196.764317	8471250100.000	0.359766	9999
59196.764433	8471250000.000	0.352823	9999
59196.764549	8471250000.000	0.393182	9999
59196.764664	8471250000.000	0.430633	9999
59196.764780	8471250000.000	0.462251	9999
59196.764896	8471250000.000	0.471894	9999
59196.765012	8471250000.000	0.478643	9999
59196.765127	8471250000.000	0.466628	9999
59196.765243	8471250000.000	0.442564	9999
59196.765359	8471250000.000	0.412235	9999
59196.765475	8471250000.000	0.369191	9999
59196.765590	8471250000.000	0.321258	9999
59196.765706	8471249900.000	0.360471	9999
59196.765822	8471249900.000	0.401557	9999
59196.765938	8471249900.000	0.433937	9999
59196.766053	8471249900.000	0.446578	9999
59196.766169	8471249900.000	0.451792	9999
59196.766285	8471249900.000	0.451360	9999
59196.766400	8471249900.000	0.442781	9999
59196.766516	8471249900.000	0.414077	9999
59196.766632	8471249900.000	0.375494	9999
59196.766748	8471249900.000	0.334682	9999
59196.766863	8471249800.000	0.326887	9999
59196.766979	8471249800.000	0.366884	9999
59196.767095	8471249800.000	0.404227	9999
59196.767211	8471249800.000	0.429759	9999
59196.767326	8471249800.000	0.445270	9999
59196.767442	8471249800.000	0.444611	9999
59196.767558	8471249800.000	0.435975	9999
59196.767674	8471249800.000	0.414667	9999
59196.767789	8471249800.000	0.390060	9999
59196.767905	8471249800.000	0.348125	9999
59196.768021	8471249800.000	0.300772	9999
59196.768137	8471249700.000	0.340239	9999
59196.768252	8471249700.000	0.373017	9999
59196.768368	8471249700.000	0.400116	9999
59196.768484	8471249700.000	0.424700	9999
59196.768600	8471249700.000	0.433976	9999
59196.768715	8471249700.000	0.424365	9999
59196.768831	8471249700.000	0.414838	9999
59196.768947	8471249700.000	0.384562	9999
59196.769062	8471249700.000	0.357784	9999
59196.769178	8471249700.000	0.313484	9999
59196.769294	8471249600.000	0.303920	9999
59196.769410	8471249600.000	0.336502	9999
59196.769525	8471249600.000	0.371802	9999
59196.769641	8471249600.000	0.398735	9999
59196.769757	8471249600.000	0.400417	9999
59196.769873	8471249600.000	0.417154	9999
59196.769988	8471249600.000	0.401265	9999
59196.770104	8471249600.000	0.389149	9999
59196.770220	8471249600.000	0.365999	9999
59196.770336	8471249600.000	0.327954	9999
59196.770451	8471249600.000	0.291199	9999
59196.770567	8471249500.000	0.300148	9999
59196.770683	8471249500.000	0.335715	9999
59196.770799	8471249500.000	0.363631	9999
59196.770914	8471249500.000	0.382612	9999
59196.771030	8471249500.000	0.399837	9999
59196.771146	8471249500.000	0.398559	9999
59196.771262	8471249500.000	0.387577	9999
59196.771377	8471249500.000	0.363390	9999
59196.771493	8471249500.000	0.339201	9999
59196.771609	8471249500.000	0.306480	9999
59196.771725	8471249500.000	0.264991	9999
59196.771840	8471249400.000	0.299122	9999
59196.771956	8471249400.000	0.332593	9999
59196.772072	8471249400.000	0.354897	9999
59196.772188	8471249400.000	0.372855	9999
59196.772303	8471249400.000	0.384892	9999
59196.772419	8471249400.000	0.389098	9999
59196.772535	8471249400.000	0.385273	9999
59196.772650	8471249400.000	0.356973	9999
59196.772766	8471249400.000	0.349653	9999
59196.772882	8471249400.000	0.322512	9999
59196.772998	8471249300.000	0.302967	9999
59196.773113	8471249300.000	0.364707	9999
59196.773229	8471249300.000	0.458731	9999
59196.773345	8471249300.000	0.489695	9999
59196.773461	8471249300.000	0.510678	9999
59196.773576	8471249300.000	0.516632	9999
59196.773692	8471249300.000	0.513587	9999
59196.773808	8471249300.000	0.428635	9999
59196.773924	8471249300.000	0.385483	9999
59196.774039	8471249300.000	0.335651	9999
59196.774155	8471249300.000	0.209290	9999
59196.774271	8471249200.000	0.199616	9999
59196.774387	8471249200.000	0.346235	9999
59196.774502	8471249200.000	0.429024	9999
59196.774618	8471249200.000	0.453459	9999
59196.774734	8471249200.000	0.304700	9999
59196.774850	8471249200.000	0.273031	9999
59196.774965	8471249200.000	0.393372	9999
59196.775081	8471249200.000	0.398779	9999
59196.775197	8471249200.000	0.376768	9999
59196.775312	8471249200.000	0.382000	9999
59196.775428	8471249200.000	0.340968	9999
59196.775544	8471249100.000	0.319881	9999
59196.775660	8471249100.000	0.332377	9999
59196.775775	8471249100.000	0.399167	9999
59196.775891	8471249100.000	0.428916	9999
59196.776007	8471249100.000	0.456633	9999
59196.776123	8471249100.000	0.454923	9999
59196.776238	8471249100.000	0.451951	9999
59196.776354	8471249100.000	0.434293	9999
59196.776470	8471249100.000	0.409156	9999
59196.776586	8471249100.000	0.378061	9999
59196.776701	8471249100.000	0.345243	9999
59196.776817	8471249000.000	0.347588	9999
59196.776933	8471249000.000	0.384754	9999
59196.777049	8471249000.000	0.430632	9999
59196.777164	8471249000.000	0.452287	9999
59196.777280	8471249000.000	0.474190	9999
59196.777396	8471249000.000	0.465530	9999
59196.777512	8471249000.000	0.460796	9999
59196.777627	8471249000.000	0.435723	9999
59196.777743	8471249000.000	0.421457	9999
59196.777859	8471249000.000	0.375320	9999
59196.777975	8471249000.000	0.337149	9999
59196.778090	8471248900.000	0.337066	9999
59196.778206	8471248900.000	0.374165	9999
59196.778322	8471248900.000	0.408751	9999
59196.778438	8471248900.000	0.444344	9999
59196.778553	8471248900.000	0.452475	9999
59196.778669	8471248900.000	0.452181	9999
59196.778785	8471248900.000	0.449208	9999
59196.778900	8471248900.000	0.438794	9999
59196.779016	8471248900.000	0.403880	9999
59196.779132	8471248900.000	0.368275	9999
59196.779248	8471248900.000	0.327887	9999
59196.779363	8471248800.000	0.326708	9999
59196.779479	8471248800.000	0.356738	9999
59196.779595	8471248800.000	0.391833	9999
59196.779711	8471248800.000	0.419971	9999
59196.779826	8471248800.000	0.438251	9999
59196.779942	8471248800.000	0.436987	9999
59196.780058	8471248800.000	0.432810	9999
59196.780174	8471248800.000	0.415871	9999
59196.780289	8471248800.000	0.392487	9999
59196.780405	8471248800.000	0.361572	9999
59196.780521	8471248800.000	0.321449	9999
59196.780637	8471248700.000	0.303921	9999
59196.780752	8471248700.000	0.341645	9999
59196.780868	8471248700.000	0.373763	9999
59196.780984	8471248700.000	0.402230	9999
59196.781100	8471248700.000	0.414895	9999
59196.781215	8471248700.000	0.414774	9999
59196.781331	8471248700.000	0.415252	9999
59196.781447	8471248700.000	0.397656	9999
59196.781563	8471248700.000	0.366985	9999
59196.781678	8471248700.000	0.345645	9999
59196.781794	8471248700.000	0.313969	9999
59196.781910	8471248600.000	0.278816	9999
59196.782025	8471248600.000	0.315449	9999
59196.782141	8471248600.000	0.349033	9999
59196.782257	8471248600.000	0.370939	9999
59196.782373	8471248600.000	0.377490	9999
59196.782488	8471248600.000	0.395138	9999
59196.782604	8471248600.000	0.392800	9999
59196.782720	8471248600.000	0.382485	9999
59196.782836	8471248600.000	0.364349	9999
59196.782951	8471248600.000	0.341347	9999
59196.783067	8471248600.000	0.307612	9999
59196.783183	8471248600.000	0.271848	9999
59196.783299	8471248500.000	0.299685	9999
59196.783414	8471248500.000	0.330955	9999
59196.783530	8471248500.000	0.356669	9999
59196.783646	8471248500.000	0.378957	9999
59196.783762	8471248500.000	0.388739	9999
59196.783877	8471248500.000	0.398705	9999
59196.783993	8471248500.000	0.386737	9999
59196.784109	8471248500.000	0.373818	9999
59196.784225	8471248500.000	0.347762	9999
59196.784340	8471248500.000	0.323876	9999
59196.784456	8471248500.000	0.287252	9999
59196.784572	8471248400.000	0.289517	9999
59196.784687	8471248400.000	0.321866	9999
59196.784803	8471248400.000	0.347535	9999
59196.784919	8471248400.000	0.367787	9999
59196.785035	8471248400.000	0.399708	9999
59196.785150	8471248400.000	0.408439	9999
59196.785266	8471248400.000	0.392510	9999
59196.785382	8471248400.000	0.394946	9999
59196.785498	8471248400.000	0.371170	9999
59196.785613	8471248400.000	0.348443	9999
59196.785729	8471248400.000	0.311937	9999
59196.785845	8471248300.000	0.283754	9999
59196.785961	8471248300.000	0.314524	9999
59196.786076	8471248300.000	0.347549	9999
59196.786192	8471248300.000	0.369546	9999
59196.786308	8471248300.000	0.398905	9999
59196.786424	8471248300.000	0.419527	9999
59196.786539	8471248300.000	0.428454	9999
59196.786655	8471248300.000	0.420823	9999
59196.786771	8471248300.000	0.403034	9999
59196.786887	8471248300.000	0.385423	9999
59196.787002	8471248300.000	0.355790	9999
59196.787118	8471248300.000	0.322125	9999
59196.787234	8471248200.000	0.328651	9999
59196.787350	8471248200.000	0.370837	9999
59196.787465	8471248200.000	0.404233	9999
59196.787581	8471248200.000	0.439893	9999
59196.787697	8471248200.000	0.463428	9999
59196.787813	8471248200.000	0.478445	9999
59196.787928	8471248200.000	0.482109	9999
59196.788044	8471248200.000	0.476432	9999
59196.788160	8471248200.000	0.457669	9999
59196.788275	8471248200.000	0.431742	9999
59196.788391	8471248200.000	0.395627	9999
59196.788507	8471248200.000	0.349760	9999
59196.788623	8471248100.000	0.390087	9999
59196.788738	8471248100.000	0.445636	9999
59196.788854	8471248100.000	0.485534	9999
59196.788970	8471248100.000	0.508192	9999
59196.789086	8471248100.000	0.534023	9999
59196.789201	8471248100.000	0.538890	9999
59196.789317	8471248100.000	0.541763	9999
59196.789433	8471248100.000	0.521128	9999
59196.789549	8471248100.000	0.499185	9999
59196.789664	8471248100.000	0.459725	9999
59196.789780	8471248100.000	0.420688	9999
59196.789896	8471248000.000	0.404498	9999
59196.790012	8471248000.000	0.447009	9999
59196.790127	8471248000.000	0.498086	9999
59196.790243	8471248000.000	0.531046	9999
59196.790359	8471248000.000	0.560593	9999
59196.790475	8471248000.000	0.574490	9999
59196.790590	8471248000.000	0.590827	9999
59196.790706	8471248000.000	0.571761	9999
59196.790822	8471248000.000	0.558351	9999
59196.790937	8471248000.000	0.521109	9999
59196.791053	8471248000.000	0.478995	9999
59196.791169	8471248000.000	0.426345	9999
59196.791285	8471247900.000	0.440159	9999
59196.791400	8471247900.000	0.496694	9999
59196.791516	8471247900.000	0.540666	9999
59196.791632	8471247900.000	0.571644	9999
59196.791748	8471247900.000	0.593535	9999
59196.791863	8471247900.000	0.610440	9999
59196.791979	8471247900.000	0.618956	9999
59196.792095	8471247900.000	0.605199	9999
59196.792211	8471247900.000	0.577278	9999
59196.792326	8471247900.000	0.543794	9999
59196.792442	8471247900.000	0.493798	9999
59196.792558	8471247900.000	0.443627	9999
59196.792674	8471247800.000	0.457799	9999
59196.792789	8471247800.000	0.513273	9999
59196.792905	8471247800.000	0.566038	9999
59196.793021	8471247800.000	0.600939	9999
59196.793137	8471247800.000	0.625231	9999
59196.793252	8471247800.000	0.633870	9999
59196.793368	8471247800.000	0.639862	9999
59196.793484	8471247800.000	0.622379	9999
59196.793600	8471247800.000	0.604208	9999
59196.793715	8471247800.000	0.568411	9999
59196.793831	8471247800.000	0.513718	9999
59196.793947	8471247800.000	0.460877	9999
59196.794063	8471247700.000	0.485548	9999
59196.794178	8471247700.000	0.553629	9999
59196.794294	8471247700.000	0.602090	9999
59196.794410	8471247700.000	0.645488	9999
59196.794525	8471247700.000	0.669590	9999
59196.794641	8471247700.000	0.678284	9999
59196.794757	8471247700.000	0.686122	9999
59196.794873	8471247700.000	0.666496	9999
59196.794988	8471247700.000	0.639247	9999
59196.795104	8471247700.000	0.605233	9999
59196.795220	8471247700.000	0.548030	9999
59196.795336	8471247700.000	0.489508	9999
59196.795451	8471247600.000	0.515862	9999
59196.795567	8471247600.000	0.574938	9999
59196.795683	8471247600.000	0.625132	9999
59196.795799	8471247600.000	0.677622	9999
59196.795914	8471247600.000	0.692601	9999
59196.796030	8471247600.000	0.706819	9999
59196.796146	8471247600.000	0.712683	9999
59196.796262	8471247600.000	0.696181	9999
59196.796377	8471247600.000	0.670976	9999
59196.796493	8471247600.000	0.623448	9999
59196.796609	8471247600.000	0.573382	9999
59196.796725	8471247600.000	0.512585	9999
59196.796840	8471247500.000	0.531630	9999
59196.796956	8471247500.000	0.580016	9999
59196.797072	8471247500.000	0.639879	9999
59196.797188	8471247500.000	0.683590	9999
59196.797303	8471247500.000	0.713139	9999
59196.797419	8471247500.000	0.731346	9999
59196.797535	8471247500.000	0.734099	9999
59196.797650	8471247500.000	0.719634	9999
59196.797766	8471247500.000	0.696150	9999
59196.797882	8471247500.000	0.648894	9999
59196.797998	8471247500.000	0.612415	9999
59196.798113	8471247500.000	0.546740	9999
59196.798229	8471247400.000	0.525176	9999
59196.798345	8471247400.000	0.599746	9999
59196.798461	8471247400.000	0.653131	9999
59196.798576	8471247400.000	0.700316	9999
59196.798692	8471247400.000	0.739410	9999
59196.798808	8471247400.000	0.756367	9999
59196.798924	8471247400.000	0.769816	9999
59196.799039	8471247400.000	0.757547	9999
59196.799155	8471247400.000	0.729628	9999
59196.799271	8471247400.000	0.694877	9999
59196.799387	8471247400.000	0.645832	9999
59196.799502	8471247400.000	0.597898	9999
59196.799618	8471247400.000	0.523364	9999
59196.799734	8471247300.000	0.583769	9999
59196.799850	8471247300.000	0.649315	9999
59196.799965	8471247300.000	0.703882	9999
59196.800081	8471247300.000	0.744662	9999
59196.800197	8471247300.000	0.776619	9999
59196.800312	8471247300.000	0.794010	9999
59196.800428	8471247300.000	0.788714	9999
59196.800544	8471247300.000	0.768142	9999
59196.800660	8471247300.000	0.745868	9999
59196.800775	8471247300.000	0.695124	9999
59196.800891	8471247300.000	0.640533	9999
59196.801007	8471247300.000	0.577118	9999
59196.801123	8471247200.000	0.585590	9999
59196.801238	8471247200.000	0.649046	9999
59196.801354	8471247200.000	0.712134	9999
59196.801470	8471247200.000	0.759729	9999
59196.801586	8471247200.000	0.799842	9999
59196.801701	8471247200.000	0.830431	9999
59196.801817	8471247200.000	0.825543	9999
59196.801933	8471247200.000	0.822191	9999
59196.802049	8471247200.000	0.804894	9999
59196.802164	8471247200.000	0.758712	9999
59196.802280	8471247200.000	0.706628	9999
59196.802396	8471247200.000	0.636633	9999
59196.802512	8471247200.000	0.568271	9999
59196.802627	8471247100.000	0.631824	9999
59196.802743	8471247100.000	0.704243	9999
59196.802859	8471247100.000	0.763490	9999
59196.802975	8471247100.000	0.814278	9999
59196.803090	8471247100.000	0.844065	9999
59196.803206	8471247100.000	0.861490	9999
59196.803322	8471247100.000	0.862524	9999
59196.803438	8471247100.000	0.837860	9999
59196.803553	8471247100.000	0.813278	9999
59196.803669	8471247100.000	0.767907	9999
59196.803785	8471247100.000	0.717969	9999
59196.803900	8471247100.000	0.644070	9999
59196.804016	8471247000.000	0.607689	9999
59196.804132	8471247000.000	0.675568	9999
59196.804248	8471247000.000	0.742336	9999
59196.804363	8471247000.000	0.792833	9999
59196.804479	8471247000.000	0.842677	9999
59196.804595	8471247000.000	0.877827	9999
59196.804711	8471247000.000	0.895211	9999
59196.804826	8471247000.000	0.877583	9999
59196.805058	8471247000.000	0.820071	9999
59196.805174	8471247000.000	0.776926	9999
59196.805289	8471247000.000	0.715740	9999
59196.805405	8471247000.000	0.636894	9999
59196.805521	8471246900.000	0.639929	9999
59196.805637	8471246900.000	0.708713	9999
59196.805752	8471246900.000	0.775988	9999
59196.805868	8471246900.000	0.842025	9999
59196.805984	8471246900.000	0.873666	9999
59196.806100	8471246900.000	0.907991	9999
59196.806215	8471246900.000	0.906149	9999
59196.806331	8471246900.000	0.895424	9999
59196.806447	8471246900.000	0.879063	9999
59196.806562	8471246900.000	0.843312	9999
59196.806678	8471246900.000	0.787321	9999
59196.806794	8471246900.000	0.729602	9999
59196.806910	8471246900.000	0.652073	9999
59196.807025	8471246800.000	0.651992	9999
59196.807141	8471246800.000	0.735731	9999
59196.807257	8471246800.000	0.790232	9999
59196.807373	8471246800.000	0.846469	9999
59196.807488	8471246800.000	0.884466	9999
59196.807604	8471246800.000	0.917540	9999
59196.807720	8471246800.000	0.924176	9999
59196.807836	8471246800.000	0.920631	9999
59196.807951	8471246800.000	0.891681	9999
59196.808067	8471246800.000	0.860595	9999
59196.808183	8471246800.000	0.803396	9999
59196.808299	8471246800.000	0.743026	9999
59196.808414	8471246800.000	0.674517	9999
59196.808530	8471246700.000	0.656661	9999
59196.808646	8471246700.000	0.725257	9999
59196.808762	8471246700.000	0.796858	9999
59196.808877	8471246700.000	0.847135	9999
59196.808993	8471246700.000	0.884603	9999
59196.809109	8471246700.000	0.918633	9999
59196.809225	8471246700.000	0.927440	9999
59196.809340	8471246700.000	0.933910	9999
59196.809456	8471246700.000	0.905417	9999
59196.809572	8471246700.000	0.874890	9999
59196.809688	8471246700.000	0.814952	9999
59196.809803	8471246700.000	0.750632	9999
59196.809919	8471246700.000	0.689236	9999
59196.810035	8471246600.000	0.633882	9999
59196.810150	8471246600.000	0.714211	9999
59196.810266	8471246600.000	0.771109	9999
59196.810382	8471246600.000	0.836092	9999
59196.810498	8471246600.000	0.876747	9999
59196.810613	8471246600.000	0.923413	9999
59196.810729	8471246600.000	0.926759	9999
59196.810845	8471246600.000	0.924911	9999
59196.810961	8471246600.000	0.917172	9999
59196.811076	8471246600.000	0.882307	9999
59196.811192	8471246600.000	0.838250	9999
59196.811308	8471246600.000	0.788761	9999
59196.811424	8471246600.000	0.721948	9999
59196.811539	8471246600.000	0.642363	9999
59196.811655	8471246500.000	0.687692	9999
59196.811771	8471246500.000	0.750814	9999
59196.811887	8471246500.000	0.814896	9999
59196.812002	8471246500.000	0.856786	9999
59196.812118	8471246500.000	0.900438	9999
59196.812234	8471246500.000	0.925124	9999
59196.812350	8471246500.000	0.924280	9999
59196.812465	8471246500.000	0.916891	9999
59196.812581	8471246500.000	0.896775	9999
59196.812697	8471246500.000	0.854661	9999
59196.812813	8471246500.000	0.807598	9999
59196.812928	8471246500.000	0.743943	9999
59196.813044	8471246500.000	0.682816	9999
59196.813160	8471246400.000	0.637434	9999
59196.813275	8471246400.000	0.716404	9999
59196.813391	8471246400.000	0.773894	9999
59196.813507	8471246400.000	0.831658	9999
59196.813623	8471246400.000	0.871996	9999
59196.813738	8471246400.000	0.898068	9999
59196.813854	8471246400.000	0.924067	9999
59196.813970	8471246400.000	0.914503	9999
59196.814086	8471246400.000	0.898419	9999
59196.814201	8471246400.000	0.875465	9999
59196.814317	8471246400.000	0.832328	9999
59196.814433	8471246400.000	0.772679	9999
59196.814549	8471246400.000	0.720291	9999
59196.814664	8471246400.000	0.645414	9999
59196.814780	8471246300.000	0.657274	9999
59196.814896	8471246300.000	0.728882	9999
59196.815012	8471246300.000	0.779734	9999
59196.815127	8471246300.000	0.843635	9999
59196.815243	8471246300.000	0.884824	9999
59196.815359	8471246300.000	0.902892	9999
59196.815475	8471246300.000	0.921108	9999
59196.815590	8471246300.000	0.912580	9999
59196.815706	8471246300.000	0.896963	9999
59196.815822	8471246300.000	0.870607	9999
59196.815937	8471246300.000	0.822464	9999
59196.816053	8471246300.000	0.763488	9999
59196.816169	8471246300.000	0.703385	9999
59196.816285	8471246300.000	0.603491	9999
59196.816400	8471246200.000	0.660919	9999
59196.816516	8471246200.000	0.731572	9999
59196.816632	8471246200.000	0.794345	9999
59196.816748	8471246200.000	0.836926	9999
59196.816863	8471246200.000	0.874887	9999
59196.816979	8471246200.000	0.896814	9999
59196.817095	8471246200.000	0.908957	9999
59196.817211	8471246200.000	0.901081	9999
59196.817326	8471246200.000	0.892495	9999
59196.817442	8471246200.000	0.864339	9999
59196.817558	8471246200.000	0.824720	9999
59196.817674	8471246200.000	0.756367	9999
59196.817789	8471246200.000	0.707593	9999
59196.817905	8471246200.000	0.638779	9999
59196.818021	8471246100.000	0.657566	9999
59196.818137	8471246100.000	0.725814	9999
59196.818252	8471246100.000	0.779621	9999
59196.818368	8471246100.000	0.825076	9999
59196.818484	8471246100.000	0.861328	9999
59196.818600	8471246100.000	0.875514	9999
59196.818715	8471246100.000	0.894766	9999
59196.818831	8471246100.000	0.888484	9999
59196.818947	8471246100.000	0.882466	9999
59196.819063	8471246100.000	0.850591	9999
59196.819178	8471246100.000	0.809434	9999
59196.819294	8471246100.000	0.761117	9999
59196.819410	8471246100.000	0.706165	9999
59196.819525	8471246100.000	0.643733	9999
59196.819641	8471246000.000	0.630258	9999
59196.819757	8471246000.000	0.695637	9999
59196.819873	8471246000.000	0.751305	9999
59196.819988	8471246000.000	0.794240	9999
59196.820104	8471246000.000	0.842528	9999
59196.820220	8471246000.000	0.873492	9999
59196.820336	8471246000.000	0.885420	9999
59196.820451	8471246000.000	0.883492	9999
59196.820567	8471246000.000	0.877823	9999
59196.820683	8471246000.000	0.852744	9999
59196.820799	8471246000.000	0.827125	9999
59196.820914	8471246000.000	0.770290	9999
59196.821030	8471246000.000	0.718392	9999
59196.821146	8471246000.000	0.661822	9999
59196.821262	8471245900.000	0.593831	9999
59196.821377	8471245900.000	0.663007	9999
59196.821493	8471245900.000	0.719837	9999
59196.821609	8471245900.000	0.774498	9999
59196.821725	8471245900.000	0.819818	9999
59196.821840	8471245900.000	0.856719	9999
59196.821956	8471245900.000	0.873651	9999
59196.822072	8471245900.000	0.880582	9999
59196.822187	8471245900.000	0.879140	9999
59196.822303	8471245900.000	0.867394	9999
59196.822419	8471245900.000	0.833481	9999
59196.822535	8471245900.000	0.789485	9999
59196.822650	8471245900.000	0.739126	9999
59196.822766	8471245900.000	0.691476	9999
59196.822882	8471245900.000	0.626434	9999
59196.822998	8471245800.000	0.606773	9999
59196.823113	8471245800.000	0.665585	9999
59196.823229	8471245800.000	0.725651	9999
59196.823345	8471245800.000	0.770452	9999
59196.823461	8471245800.000	0.808718	9999
59196.823576	8471245800.000	0.840938	9999
59196.823692	8471245800.000	0.851534	9999
59196.823808	8471245800.000	0.864548	9999
59196.823924	8471245800.000	0.851771	9999
59196.824039	8471245800.000	0.838555	9999
59196.824155	8471245800.000	0.804009	9999
59196.824271	8471245800.000	0.776798	9999
59196.824387	8471245800.000	0.714028	9999
59196.824502	8471245800.000	0.668812	9999
59196.824618	8471245800.000	0.607784	9999
59196.824734	8471245700.000	0.605109	9999
59196.824850	8471245700.000	0.660126	9999
59196.824965	8471245700.000	0.715807	9999
59196.825081	8471245700.000	0.760216	9999
59196.825197	8471245700.000	0.800662	9999
59196.825313	8471245700.000	0.819114	9999
59196.825428	8471245700.000	0.841440	9999
59196.825544	8471245700.000	0.851237	9999
59196.825660	8471245700.000	0.841867	9999
59196.825775	8471245700.000	0.824746	9999
59196.825891	8471245700.000	0.797141	9999
59196.826007	8471245700.000	0.750594	9999
59196.826123	8471245700.000	0.710090	9999
59196.826238	8471245700.000	0.659572	9999
59196.826354	8471245700.000	0.601032	9999
59196.826470	8471245600.000	0.590804	9999
59196.826586	8471245600.000	0.637976	9999
59196.826701	8471245600.000	0.693034	9999
59196.826817	8471245600.000	0.744458	9999
59196.826933	8471245600.000	0.781381	9999
59196.827049	8471245600.000	0.809059	9999
59196.827164	8471245600.000	0.824173	9999
59196.827280	8471245600.000	0.834623	9999
59196.827396	8471245600.000	0.836601	9999
59196.827512	8471245600.000	0.816302	9999
59196.827627	8471245600.000	0.785966	9999
59196.827743	8471245600.000	0.752474	9999
59196.827859	8471245600.000	0.711960	9999
59196.827975	8471245600.000	0.658314	9999
59196.828090	8471245600.000	0.609627	9999
59196.828206	8471245500.000	0.556707	9999
59196.828322	8471245500.000	0.617319	9999
59196.828438	8471245500.000	0.673073	9999
59196.828553	8471245500.000	0.712098	9999
59196.828669	8471245500.000	0.757121	9999
59196.828785	8471245500.000	0.790557	9999
59196.828900	8471245500.000	0.805113	9999
59196.829016	8471245500.000	0.827201	9999
59196.829132	8471245500.000	0.819761	9999
59196.829248	8471245500.000	0.807533	9999
59196.829363	8471245500.000	0.792817	9999
59196.829479	8471245500.000	0.754034	9999
59196.829595	8471245500.000	0.719593	9999
59196.829711	8471245500.000	0.680185	9999
59196.829826	8471245500.000	0.626871	9999
59196.829942	8471245500.000	0.574060	9999
59196.830058	8471245400.000	0.570237	9999
59196.830174	8471245400.000	0.625705	9999
59196.830289	8471245400.000	0.682214	9999
59196.830405	8471245400.000	0.711466	9999
59196.830521	8471245400.000	0.747009	9999
59196.830637	8471245400.000	0.782339	9999
59196.830752	8471245400.000	0.792858	9999
59196.830868	8471245400.000	0.798165	9999
59196.830984	8471245400.000	0.797737	9999
59196.831100	8471245400.000	0.773880	9999
59196.831215	8471245400.000	0.760561	9999
59196.831331	8471245400.000	0.735805	9999
59196.831447	8471245400.000	0.685315	9999
59196.831562	8471245400.000	0.652822	9999
59196.831678	8471245400.000	0.605814	9999
59196.831794	8471245400.000	0.552466	9999
59196.831910	8471245300.000	0.566422	9999
59196.832025	8471245300.000	0.607772	9999
59196.832141	8471245300.000	0.657628	9999
59196.832257	8471245300.000	0.699108	9999
59196.832373	8471245300.000	0.729414	9999
59196.832488	8471245300.000	0.749681	9999
59196.832604	8471245300.000	0.775585	9999
59196.832720	8471245300.000	0.774858	9999
59196.832836	8471245300.000	0.777748	9999
59196.832951	8471245300.000	0.762322	9999
59196.833067	8471245300.000	0.744733	9999
59196.833183	8471245300.000	0.716528	9999
59196.833299	8471245300.000	0.683515	9999
59196.833414	8471245300.000	0.637097	9999
59196.833530	8471245300.000	0.589163	9999
59196.833646	8471245300.000	0.544996	9999
59196.833762	8471245200.000	0.542264	9999
59196.833877	8471245200.000	0.593057	9999
59196.833993	8471245200.000	0.635194	9999
59196.834109	8471245200.000	0.669147	9999
59196.834225	8471245200.000	0.704734	9999
59196.834340	8471245200.000	0.734051	9999
59196.834456	8471245200.000	0.743402	9999
59196.834572	8471245200.000	0.753313	9999
59196.834688	8471245200.000	0.759844	9999
59196.834803	8471245200.000	0.748458	9999
59196.834919	8471245200.000	0.731577	9999
59196.835035	8471245200.000	0.716124	9999
59196.835150	8471245200.000	0.677720	9999
59196.835266	8471245200.000	0.641087	9999
59196.835382	8471245200.000	0.594782	9999
59196.835498	8471245200.000	0.552250	9999
59196.835613	8471245200.000	0.499714	9999
59196.835729	8471245100.000	0.551614	9999
59196.835845	8471245100.000	0.617855	9999
59196.835961	8471245100.000	0.664845	9999
59196.836076	8471245100.000	0.708303	9999
59196.836192	8471245100.000	0.740460	9999
59196.836308	8471245100.000	0.759858	9999
59196.836424	8471245100.000	0.768628	9999
59196.836539	8471245100.000	0.776069	9999
59196.836655	8471245100.000	0.758426	9999
59196.836771	8471245100.000	0.726086	9999
59196.836887	8471245100.000	0.707805	9999
59196.837002	8471245100.000	0.670679	9999
59196.837118	8471245100.000	0.643039	9999
59196.837234	8471245100.000	0.606355	9999
59196.837350	8471245100.000	0.570541	9999
59196.837465	8471245100.000	0.530118	9999
59196.837581	8471245000.000	0.497467	9999
59196.837697	8471245000.000	0.542857	9999
59196.837812	8471245000.000	0.578614	9999
59196.837928	8471245000.000	0.625573	9999
59196.838044	8471245000.000	0.648699	9999
59196.838160	8471245000.000	0.677680	9999
59196.838275	8471245000.000	0.694195	9999
59196.838391	8471245000.000	0.711321	9999
59196.838507	8471245000.000	0.715884	9999
59196.838623	8471245000.000	0.703151	9999
59196.838738	8471245000.000	0.696944	9999
59196.838854	8471245000.000	0.684976	9999
59196.838970	8471245000.000	0.652566	9999
59196.839086	8471245000.000	0.629500	9999
59196.839201	8471245000.000	0.599249	9999
59196.839317	8471245000.000	0.553699	9999
59196.839433	8471245000.000	0.517182	9999
59196.839549	8471244900.000	0.476230	9999
59196.839664	8471244900.000	0.513666	9999
59196.839780	8471244900.000	0.560489	9999
59196.839896	8471244900.000	0.594152	9999
59196.840012	8471244900.000	0.633397	9999
59196.840127	8471244900.000	0.650269	9999
59196.840243	8471244900.000	0.680320	9999
59196.840359	8471244900.000	0.687404	9999
59196.840475	8471244900.000	0.693322	9999
59196.840590	8471244900.000	0.697850	9999
59196.840706	8471244900.000	0.694856	9999
59196.840822	8471244900.000	0.673335	9999
59196.840938	8471244900.000	0.658241	9999
59196.841053	8471244900.000	0.631516	9999
59196.841169	8471244900.000	0.590155	9999
59196.841285	8471244900.000	0.564074	9999
59196.841400	8471244900.000	0.519056	9999
59196.841516	8471244900.000	0.482525	9999
59196.841632	8471244800.000	0.486082	9999
59196.841748	8471244800.000	0.520944	9999
59196.841863	8471244800.000	0.558267	9999
59196.841979	8471244800.000	0.582501	9999
59196.842095	8471244800.000	0.618035	9999
59196.842211	8471244800.000	0.642781	9999
59196.842326	8471244800.000	0.658442	9999
59196.842442	8471244800.000	0.673041	9999
59196.842558	8471244800.000	0.673783	9999
59196.842674	8471244800.000	0.672584	9999
59196.842789	8471244800.000	0.667936	9999
59196.842905	8471244800.000	0.646864	9999
59196.843021	8471244800.000	0.633080	9999
59196.843137	8471244800.000	0.603169	9999
59196.843252	8471244800.000	0.570438	9999
59196.843368	8471244800.000	0.541385	9999
59196.843484	8471244800.000	0.502469	9999
59196.843600	8471244800.000	0.457997	9999
59196.843715	8471244700.000	0.465180	9999
59196.843831	8471244700.000	0.499326	9999
59196.843947	8471244700.000	0.532954	9999
59196.844063	8471244700.000	0.565911	9999
59196.844178	8471244700.000	0.588751	9999
59196.844294	8471244700.000	0.614717	9999
59196.844410	8471244700.000	0.627085	9999
59196.844525	8471244700.000	0.641346	9999
59196.844641	8471244700.000	0.649778	9999
59196.844757	8471244700.000	0.639834	9999
59196.844873	8471244700.000	0.635605	9999
59196.844988	8471244700.000	0.634828	9999
59196.845104	8471244700.000	0.612860	9999
59196.845220	8471244700.000	0.585104	9999
59196.845336	8471244700.000	0.563816	9999
59196.845451	8471244700.000	0.532366	9999
59196.845567	8471244700.000	0.493701	9999
59196.845683	8471244700.000	0.457561	9999
59196.845799	8471244600.000	0.439280	9999
59196.845914	8471244600.000	0.462423	9999
59196.846030	8471244600.000	0.498913	9999
59196.846146	8471244600.000	0.532575	9999
59196.846262	8471244600.000	0.548115	9999
59196.846377	8471244600.000	0.583963	9999
59196.846493	8471244600.000	0.605462	9999
59196.846609	8471244600.000	0.611455	9999
59196.846725	8471244600.000	0.619377	9999
59196.846840	8471244600.000	0.630132	9999
59196.846956	8471244600.000	0.615405	9999
59196.847072	8471244600.000	0.608218	9999
59196.847187	8471244600.000	0.594782	9999
59196.847303	8471244600.000	0.587963	9999
59196.847419	8471244600.000	0.553410	9999
59196.847535	8471244600.000	0.530585	9999
59196.847650	8471244600.000	0.507628	9999
59196.847766	8471244600.000	0.476527	9999
59196.847882	8471244600.000	0.436368	9999
59196.847998	8471244500.000	0.420452	9999
59196.848113	8471244500.000	0.451424	9999
59196.848229	8471244500.000	0.483283	9999
59196.848345	8471244500.000	0.512250	9999
59196.848461	8471244500.000	0.536369	9999
59196.848576	8471244500.000	0.550988	9999
59196.848692	8471244500.000	0.571098	9999
59196.848808	8471244500.000	0.584931	9999
59196.848924	8471244500.000	0.588572	9999
59196.849039	8471244500.000	0.598194	9999
59196.849155	8471244500.000	0.570583	9999
59196.849271	8471244500.000	0.553325	9999
59196.849387	8471244500.000	0.572622	9999
59196.849502	8471244500.000	0.558051	9999
59196.849618	8471244500.000	0.537023	9999
59196.849734	8471244500.000	0.516073	9999
59196.849850	8471244500.000	0.495600	9999
59196.849965	8471244500.000	0.468414	9999
59196.850081	8471244500.000	0.432509	9999
59196.850197	8471244500.000	0.400870	9999
59196.850313	8471244400.000	0.418798	9999
59196.850428	8471244400.000	0.442777	9999
59196.850544	8471244400.000	0.469144	9999
59196.850660	8471244400.000	0.490089	9999
59196.850775	8471244400.000	0.515036	9999
59196.850891	8471244400.000	0.523474	9999
59196.851007	8471244400.000	0.548270	9999
59196.851123	8471244400.000	0.560527	9999
59196.851238	8471244400.000	0.571648	9999
59196.851354	8471244400.000	0.571552	9999
59196.851470	8471244400.000	0.567333	9999
59196.851586	8471244400.000	0.557010	9999
59196.851701	8471244400.000	0.544659	9999
59196.851817	8471244400.000	0.522906	9999
59196.851933	8471244400.000	0.515376	9999
59196.852049	8471244400.000	0.498946	9999
59196.852164	8471244400.000	0.466614	9999
59196.852280	8471244400.000	0.437474	9999
59196.852396	8471244400.000	0.408535	9999
59196.852512	8471244400.000	0.377507	9999
59196.852627	8471244300.000	0.395501	9999
59196.852743	8471244300.000	0.415348	9999
59196.852859	8471244300.000	0.441563	9999
59196.852975	8471244300.000	0.467365	9999
59196.853090	8471244300.000	0.488925	9999
59196.853206	8471244300.000	0.501255	9999
59196.853322	8471244300.000	0.516971	9999
59196.853437	8471244300.000	0.532774	9999
59196.853553	8471244300.000	0.542153	9999
59196.853669	8471244300.000	0.543922	9999
59196.853785	8471244300.000	0.545395	9999
59196.853900	8471244300.000	0.532814	9999
59196.854016	8471244300.000	0.523851	9999
59196.854132	8471244300.000	0.515878	9999
59196.854248	8471244300.000	0.503668	9999
59196.854363	8471244300.000	0.477883	9999
59196.854479	8471244300.000	0.456810	9999
59196.854595	8471244300.000	0.438071	9999
59196.854711	8471244300.000	0.411064	9999
59196.854826	8471244300.000	0.391989	9999
59196.854942	8471244300.000	0.356387	9999
59196.855058	8471244200.000	0.378242	9999
59196.855174	8471244200.000	0.407250	9999
59196.855289	8471244200.000	0.423720	9999
59196.855405	8471244200.000	0.444041	9999
59196.855521	8471244200.000	0.470201	9999
59196.855637	8471244200.000	0.480540	9999
59196.855752	8471244200.000	0.496582	9999
59196.855868	8471244200.000	0.510442	9999
59196.855984	8471244200.000	0.507080	9999
59196.856100	8471244200.000	0.510267	9999
59196.856215	8471244200.000	0.508895	9999
59196.856331	8471244200.000	0.511358	9999
59196.856447	8471244200.000	0.501222	9999
59196.856563	8471244200.000	0.489164	9999
59196.856678	8471244200.000	0.471511	9999
59196.856794	8471244200.000	0.450907	9999
59196.856910	8471244200.000	0.444435	9999
59196.857025	8471244200.000	0.420873	9999
59196.857141	8471244200.000	0.392682	9999
59196.857257	8471244200.000	0.376689	9999
59196.857373	8471244200.000	0.342774	9999
59196.857488	8471244100.000	0.348302	9999
59196.857604	8471244100.000	0.370953	9999
59196.857720	8471244100.000	0.385216	9999
59196.857836	8471244100.000	0.405742	9999
59196.857951	8471244100.000	0.431908	9999
59196.858067	8471244100.000	0.443465	9999
59196.858183	8471244100.000	0.458147	9999
59196.858299	8471244100.000	0.470819	9999
59196.858414	8471244100.000	0.470720	9999
59196.858530	8471244100.000	0.486301	9999
59196.858646	8471244100.000	0.480732	9999
59196.858762	8471244100.000	0.474597	9999
59196.858877	8471244100.000	0.479494	9999
59196.858993	8471244100.000	0.469736	9999
59196.859109	8471244100.000	0.450016	9999
59196.859225	8471244100.000	0.447984	9999
59196.859340	8471244100.000	0.432449	9999
59196.859456	8471244100.000	0.415070	9999
59196.859572	8471244100.000	0.392513	9999
59196.859688	8471244100.000	0.376603	9999
59196.859803	8471244100.000	0.355094	9999
59196.859919	8471244100.000	0.330487	9999
59196.860035	8471244000.000	0.320821	9999
59196.860150	8471244000.000	0.340240	9999
59196.860266	8471244000.000	0.362902	9999
59196.860382	8471244000.000	0.371170	9999
59196.860498	8471244000.000	0.393305	9999
59196.860613	8471244000.000	0.416213	9999
59196.860729	8471244000.000	0.428989	9999
59196.860845	8471244000.000	0.424513	9999
59196.860961	8471244000.000	0.445952	9999
59196.861076	8471244000.000	0.445992	9999
59196.861192	8471244000.000	0.448812	9999
59196.861308	8471244000.000	0.449683	9999
59196.861424	8471244000.000	0.447563	9999
59196.861539	8471244000.000	0.447789	9999
59196.861655	8471244000.000	0.440772	9999
59196.861771	8471244000.000	0.430882	9999
59196.861887	8471244000.000	0.429297	9999
59196.862002	8471244000.000	0.401079	9999
59196.862118	8471244000.000	0.389941	9999
59196.862234	8471244000.000	0.370347	9999
59196.862350	8471244000.000	0.355236	9999
59196.862465	8471244000.000	0.338580	9999
59196.862581	8471244000.000	0.321026	9999
59196.862697	8471244000.000	0.306079	9999
59196.862812	8471243900.000	0.318409	9999
59196.862928	8471243900.000	0.356863	9999
59196.863044	8471243900.000	0.374138	9999
59196.863160	8471243900.000	0.389113	9999
59196.863275	8471243900.000	0.402174	9999
59196.863391	8471243900.000	0.421682	9999
59196.863507	8471243900.000	0.453025	9999
59196.863623	8471243900.000	0.488601	9999
59196.863738	8471243900.000	0.508644	9999
59196.863854	8471243900.000	0.528893	9999
59196.863970	8471243900.000	0.522950	9999
59196.864086	8471243900.000	0.525492	9999
59196.864201	8471243900.000	0.526992	9999
59196.864317	8471243900.000	0.519910	9999
59196.864433	8471243900.000	0.514520	9999
59196.864549	8471243900.000	0.497994	9999
59196.864664	8471243900.000	0.493887	9999
59196.864780	8471243900.000	0.477892	9999
59196.864896	8471243900.000	0.461837	9999
59196.865012	8471243900.000	0.437270	9999
59196.865127	8471243900.000	0.413258	9999
59196.865243	8471243900.000	0.397598	9999
59196.865359	8471243900.000	0.376949	9999
59196.865475	8471243900.000	0.363921	9999
59196.865590	8471243800.000	0.359686	9999
59196.865706	8471243800.000	0.382274	9999
59196.865822	8471243800.000	0.396951	9999
59196.865938	8471243800.000	0.418837	9999
59196.866053	8471243800.000	0.437011	9999
59196.866169	8471243800.000	0.456847	9999
59196.866285	8471243800.000	0.468089	9999
59196.866400	8471243800.000	0.482877	9999
59196.866516	8471243800.000	0.483806	9999
59196.866632	8471243800.000	0.493488	9999
59196.866748	8471243800.000	0.498009	9999
59196.866863	8471243800.000	0.498453	9999
59196.866979	8471243800.000	0.511214	9999
59196.867095	8471243800.000	0.496274	9999
59196.867211	8471243800.000	0.501084	9999
59196.867326	8471243800.000	0.484361	9999
59196.867442	8471243800.000	0.474330	9999
59196.867558	8471243800.000	0.470580	9999
59196.867674	8471243800.000	0.450592	9999
59196.867789	8471243800.000	0.435288	9999
59196.867905	8471243800.000	0.427218	9999
59196.868021	8471243800.000	0.402393	9999
59196.868137	8471243800.000	0.381154	9999
59196.868252	8471243800.000	0.371132	9999
59196.868368	8471243800.000	0.344487	9999
59196.868484	8471243700.000	0.327946	9999
59196.868600	8471243700.000	0.339151	9999
59196.868715	8471243700.000	0.360846	9999
59196.868831	8471243700.000	0.377959	9999
59196.868947	8471243700.000	0.392322	9999
59196.869062	8471243700.000	0.407046	9999
59196.869178	8471243700.000	0.420454	9999
59196.869294	8471243700.000	0.425674	9999
59196.869410	8471243700.000	0.438331	9999
59196.869525	8471243700.000	0.452320	9999
59196.869641	8471243700.000	0.451552	9999
59196.869757	8471243700.000	0.457717	9999
59196.869873	8471243700.000	0.459654	9999
59196.869988	8471243700.000	0.457739	9999
59196.870104	8471243700.000	0.454202	9999
59196.870220	8471243700.000	0.446584	9999
59196.870336	8471243700.000	0.438788	9999
59196.870451	8471243700.000	0.439917	9999
59196.870567	8471243700.000	0.427593	9999
59196.870683	8471243700.000	0.420174	9999
59196.870799	8471243700.000	0.406319	9999
59196.870914	8471243700.000	0.392811	9999
59196.871030	8471243700.000	0.376685	9999
59196.871146	8471243700.000	0.360557	9999
59196.871262	8471243700.000	0.351339	9999
59196.871377	8471243700.000	0.335268	9999
59196.871493	8471243700.000	0.318839	9999
59196.871609	8471243700.000	0.299345	9999
59196.871725	8471243600.000	0.307823	9999
59196.871840	8471243600.000	0.327344	9999
59196.871956	8471243600.000	0.336550	9999
59196.872072	8471243600.000	0.350176	9999
59196.872188	8471243600.000	0.371524	9999
59196.872303	8471243600.000	0.385742	9999
59196.872419	8471243600.000	0.390261	9999
59196.872535	8471243600.000	0.401683	9999
59196.872650	8471243600.000	0.410105	9999
59196.872766	8471243600.000	0.410198	9999
59196.872882	8471243600.000	0.425004	9999
59196.872998	8471243600.000	0.422086	9999
59196.873113	8471243600.000	0.424796	9999
59196.873229	8471243600.000	0.419916	9999
59196.873345	8471243600.000	0.422833	9999
59196.873461	8471243600.000	0.426041	9999
59196.873576	8471243600.000	0.414277	9999
59196.873692	8471243600.000	0.411431	9999
59196.873808	8471243600.000	0.401711	9999
59196.873924	8471243600.000	0.397734	9999
59196.874039	8471243600.000	0.392696	9999
59196.874155	8471243600.000	0.373486	9999
59196.874271	8471243600.000	0.361329	9999
59196.874387	8471243600.000	0.352372	9999
59196.874502	8471243600.000	0.335993	9999
59196.874618	8471243600.000	0.325230	9999
59196.874734	8471243600.000	0.309140	9999
59196.874850	8471243600.000	0.291457	9999
59196.874965	8471243500.000	0.273708	9999
59196.875081	8471243500.000	0.289121	9999
59196.875197	8471243500.000	0.306923	9999
59196.875313	8471243500.000	0.311616	9999
59196.875428	8471243500.000	0.323748	9999
59196.875544	8471243500.000	0.332211	9999
59196.875660	8471243500.000	0.343916	9999
59196.875775	8471243500.000	0.359344	9999
59196.875891	8471243500.000	0.368513	9999
59196.876007	8471243500.000	0.372341	9999
59196.876123	8471243500.000	0.376343	9999
59196.876238	8471243500.000	0.379366	9999
59196.876354	8471243500.000	0.387151	9999
59196.876470	8471243500.000	0.383860	9999
59196.876586	8471243500.000	0.384090	9999
59196.876701	8471243500.000	0.380697	9999
59196.876817	8471243500.000	0.377860	9999
59196.876933	8471243500.000	0.381483	9999
59196.877049	8471243500.000	0.375178	9999
59196.877164	8471243500.000	0.364416	9999
59196.877280	8471243500.000	0.362254	9999
59196.877396	8471243500.000	0.354591	9999
59196.877512	8471243500.000	0.347933	9999
59196.877627	8471243500.000	0.338585	9999
59196.877743	8471243500.000	0.326112	9999
59196.877859	8471243500.000	0.325026	9999
59196.877975	8471243500.000	0.307214	9999
59196.878090	8471243500.000	0.294967	9999
59196.878206	8471243500.000	0.293301	9999
59196.878322	8471243500.000	0.278065	9999
59196.878437	8471243500.000	0.259627	9999
59196.878553	8471243500.000	0.246495	9999
59196.878669	8471243400.000	0.255428	9999
59196.878785	8471243400.000	0.270822	9999
59196.878900	8471243400.000	0.278402	9999
59196.879016	8471243400.000	0.284621	9999
59196.879132	8471243400.000	0.292008	9999
59196.879248	8471243400.000	0.300991	9999
59196.879363	8471243400.000	0.307101	9999
59196.879479	8471243400.000	0.314893	9999
59196.879595	8471243400.000	0.324825	9999
59196.879711	8471243400.000	0.327542	9999
59196.879826	8471243400.000	0.188999	9999
59196.879942	8471252500.000	0.428066	9999
59196.880058	8471252500.000	0.496333	9999
59196.880174	8471252500.000	0.488553	9999
59196.880289	8471252500.000	0.450807	9999
59196.880405	8471252500.000	0.427232	9999
59196.880521	8471252500.000	0.394180	9999
59196.880637	8471252500.000	0.375196	9999
59196.880752	8471252500.000	0.359527	9999
59196.880868	8471252500.000	0.353109	9999
59196.880984	8471252500.000	0.361323	9999
59196.881100	8471252500.000	0.366003	9999
59196.881215	8471252500.000	0.376174	9999
59196.881331	8471252500.000	0.390204	9999
59196.881447	8471252500.000	0.398283	9999
59196.881563	8471252500.000	0.400390	9999
59196.881678	8471252500.000	0.412974	9999
59196.881794	8471252500.000	0.424855	9999
59196.881910	8471252500.000	0.433404	9999
59196.882025	8471252500.000	0.429725	9999
59196.882141	8471252500.000	0.432490	9999
59196.882257	8471252500.000	0.443778	9999
59196.882373	8471252500.000	0.446295	9999
59196.882488	8471252500.000	0.436930	9999
59196.882604	8471252500.000	0.427327	9999
59196.882720	8471252500.000	0.429091	9999
59196.882836	8471252500.000	0.429805	9999
59196.882951	8471252500.000	0.416828	9999
59196.883067	8471252500.000	0.402845	9999
59196.883183	8471252500.000	0.396345	9999
59196.883299	8471252500.000	0.390609	9999
59196.883414	8471252500.000	0.387202	9999
59196.883530	8471252500.000	0.423969	9999
59196.883646	8471252500.000	0.427037	9999
59196.883762	8471252500.000	0.407426	9999
59196.883877	8471252500.000	0.377575	9999
59196.883993	8471252400.000	0.385731	9999
59196.884109	8471252400.000	0.413078	9999
59196.884225	8471252400.000	0.432787	9999
59196.884340	8471252400.000	0.443811	9999
59196.884456	8471252400.000	0.459935	9999
59196.884572	8471252400.000	0.477485	9999
59196.884687	8471252400.000	0.504179	9999
59196.884803	8471252400.000	0.514166	9999
59196.884919	8471252400.000	0.540635	9999
59196.885035	8471252400.000	0.545772	9999
59196.885150	8471252400.000	0.549689	9999
59196.885266	8471252400.000	0.551929	9999
59196.885382	8471252400.000	0.552361	9999
59196.885498	8471252400.000	0.558980	9999
59196.885613	8471252400.000	0.549701	9999
59196.885729	8471252400.000	0.545237	9999
59196.885845	8471252400.000	0.535264	9999
59196.885961	8471252400.000	0.514380	9999
59196.886076	8471252400.000	0.499984	9999
59196.886192	8471252400.000	0.495160	9999
59196.886308	8471252400.000	0.467976	9999
59196.886424	8471252400.000	0.454190	9999
59196.886539	8471252400.000	0.429487	9999
59196.886655	8471252400.000	0.409024	9999
59196.886771	8471252300.000	0.374445	9999
59196.886887	8471252300.000	0.396935	9999
59196.887002	8471252300.000	0.389212	9999
59196.887118	8471252300.000	0.363338	9999
59196.887234	8471252300.000	0.317100	9999
59196.887350	8471252300.000	0.262023	9999
59196.887465	8471252300.000	0.200225	9999
59196.887581	8471252300.000	0.134812	9999
59196.887697	8471252300.000	0.087410	9999
59196.887813	8471252300.000	0.053865	9999
59196.887928	8471252300.000	0.030046	9999
59196.888044	8471252300.000	0.018380	9999
59196.888275	8471252300.000	0.015869	9999
59196.888391	8471252300.000	0.015890	9999
59196.888507	8471252300.000	0.017132	9999
59196.888623	8471252300.000	0.016192	9999
59196.888738	8471252300.000	0.016369	9999
