59197.775064	8471268750.000	3.016218	8049
59197.775075	8471268750.000	2.386516	8049
59197.775087	8471268750.000	2.783749	8049
59197.775098	8471268750.000	2.463974	8049
59197.775110	8471268725.000	1.946995	8049
59197.775122	8471268725.000	2.867955	8049
59197.775133	8471268725.000	2.188732	8049
59197.775145	8471268725.000	2.528677	8049
59197.775156	8471268725.000	2.805530	8049
59197.775168	8471268725.000	2.342268	8049
59197.775179	8471268725.000	3.102409	8049
59197.775191	8471268725.000	2.312458	8049
59197.775203	8471268725.000	3.962578	8049
59197.775214	8471268725.000	5.072133	8049
59197.775226	8471268725.000	6.771025	8049
59197.775237	8471268725.000	7.165585	8049
59197.775249	8471268725.000	4.133463	8049
59197.775260	8471268725.000	5.961481	8049
59197.775272	8471268725.000	8.484468	8049
59197.775284	8471268725.000	8.706067	8049
59197.775295	8471268725.000	8.821692	8049
59197.775307	8471268725.000	7.684978	8049
59197.775318	8471268725.000	5.217335	8049
59197.775330	8471268725.000	4.943343	8049
59197.775341	8471268725.000	9.055490	8049
59197.775353	8471268725.000	7.035645	8049
59197.775365	8471268725.000	9.079515	8049
59197.775376	8471268725.000	9.607299	8049
59197.775388	8471268725.000	10.934299	8049
59197.775399	8471268725.000	9.294983	8049
59197.775411	8471268725.000	9.775638	8049
59197.775422	8471268725.000	8.640707	8049
59197.775434	8471268725.000	9.067801	8049
59197.775446	8471268725.000	9.567557	8049
59197.775457	8471268725.000	7.972027	8049
59197.775469	8471268725.000	8.023388	8049
59197.775480	8471268725.000	8.368364	8049
59197.775492	8471268725.000	7.738129	8049
59197.775503	8471268725.000	7.559962	8049
59197.775515	8471268725.000	8.138161	8049
59197.775527	8471268700.000	7.804988	8049
59197.775538	8471268700.000	7.767746	8049
59197.775550	8471268700.000	7.730810	8049
59197.775561	8471268700.000	7.360655	8049
59197.775573	8471268700.000	8.401449	8049
59197.775584	8471268700.000	9.787263	8049
59197.775596	8471268700.000	8.866497	8049
59197.775608	8471268700.000	9.127821	8049
59197.775619	8471268700.000	9.998469	8049
59197.775631	8471268700.000	8.840433	8049
59197.775642	8471268700.000	10.385641	8049
59197.775654	8471268700.000	7.714373	8049
59197.775666	8471268700.000	9.282627	8049
59197.775677	8471268700.000	11.126520	8049
59197.775689	8471268700.000	9.292534	8049
59197.775700	8471268700.000	10.458195	8049
59197.775712	8471268700.000	10.808838	8049
59197.775723	8471268700.000	10.077112	8049
59197.775735	8471268700.000	7.991767	8049
59197.775747	8471268700.000	8.757405	8049
59197.775758	8471268700.000	8.643632	8049
59197.775770	8471268700.000	9.394640	8049
59197.775781	8471268700.000	8.729516	8049
59197.775793	8471268700.000	9.380792	8049
59197.775804	8471268700.000	8.792898	8049
59197.775816	8471268700.000	8.349773	8049
59197.775828	8471268700.000	9.107239	8049
59197.775839	8471268700.000	8.120239	8049
59197.775851	8471268700.000	9.186467	8049
59197.775862	8471268700.000	7.723620	8049
59197.775874	8471268700.000	6.395087	8049
59197.775885	8471268700.000	7.786038	8049
59197.775897	8471268700.000	6.480701	8049
59197.775909	8471268700.000	8.119243	8049
59197.775920	8471268700.000	7.560666	8049
59197.775932	8471268675.000	8.205223	8049
59197.775943	8471268675.000	7.204306	8049
59197.775955	8471268675.000	7.029006	8049
59197.775966	8471268675.000	7.214384	8049
59197.775978	8471268675.000	6.611402	8049
59197.775990	8471268675.000	8.182080	8049
59197.776001	8471268675.000	9.822770	8049
59197.776013	8471268675.000	8.358939	8049
59197.776024	8471268675.000	7.643136	8049
59197.776036	8471268675.000	10.386316	8049
59197.776047	8471268675.000	8.693917	8049
59197.776059	8471268675.000	9.776334	8049
59197.776071	8471268675.000	9.982035	8049
59197.776082	8471268675.000	10.770428	8049
59197.776094	8471268675.000	8.729237	8049
59197.776105	8471268675.000	9.859735	8049
59197.776117	8471268675.000	10.794058	8049
59197.776128	8471268675.000	9.695269	8049
59197.776140	8471268675.000	9.975658	8049
59197.776152	8471268675.000	8.623043	8049
59197.776163	8471268675.000	9.877615	8049
59197.776175	8471268675.000	7.011338	8049
59197.776186	8471268675.000	7.040230	8049
59197.776198	8471268675.000	9.000853	8049
59197.776209	8471268675.000	8.303719	8049
59197.776221	8471268675.000	8.319040	8049
59197.776233	8471268675.000	9.274480	8049
59197.776244	8471268675.000	7.379110	8049
59197.776256	8471268675.000	8.129155	8049
59197.776267	8471268675.000	8.760631	8049
59197.776279	8471268675.000	7.926754	8049
59197.776291	8471268675.000	7.870717	8049
59197.776302	8471268675.000	7.707201	8049
59197.776314	8471268675.000	6.660329	8049
59197.776325	8471268650.000	6.311864	8049
59197.776337	8471268650.000	7.841833	8049
59197.776348	8471268650.000	8.730394	8049
59197.776360	8471268650.000	7.780669	8049
59197.776372	8471268650.000	7.307937	8049
59197.776383	8471268650.000	7.246621	8049
59197.776395	8471268650.000	7.599890	8049
59197.776406	8471268650.000	8.590213	8049
59197.776418	8471268650.000	8.696404	8049
59197.776429	8471268650.000	7.868144	8049
59197.776441	8471268650.000	8.820121	8049
59197.776453	8471268650.000	8.540865	8049
59197.776464	8471268650.000	10.453341	8049
59197.776476	8471268650.000	10.080572	8049
59197.776487	8471268650.000	8.931625	8049
59197.776499	8471268650.000	9.978409	8049
59197.776510	8471268650.000	10.878683	8049
59197.776522	8471268650.000	9.813399	8049
59197.776534	8471268650.000	8.525077	8049
59197.776545	8471268650.000	9.175467	8049
59197.776557	8471268650.000	9.485856	8049
59197.776568	8471268650.000	10.188749	8049
59197.776580	8471268650.000	10.196422	8049
59197.776591	8471268650.000	8.941853	8049
59197.776603	8471268650.000	8.517624	8049
59197.776615	8471268650.000	9.032216	8049
59197.776626	8471268650.000	10.279406	8049
59197.776638	8471268650.000	9.701941	8049
59197.776649	8471268650.000	8.269255	8049
59197.776661	8471268650.000	7.533929	8049
59197.776672	8471268650.000	7.896270	8049
59197.776684	8471268650.000	6.665071	8049
59197.776696	8471268650.000	6.389691	8049
59197.776707	8471268650.000	6.531861	8049
59197.776719	8471268650.000	7.544151	8049
59197.776730	8471268625.000	7.287776	8049
59197.776742	8471268625.000	5.537860	8049
59197.776753	8471268625.000	7.499407	8049
59197.776765	8471268625.000	7.921011	8049
59197.776777	8471268625.000	7.224273	8049
59197.776788	8471268625.000	9.813120	8049
59197.776800	8471268625.000	9.359548	8049
59197.776811	8471268625.000	10.761136	8049
59197.776823	8471268625.000	8.748986	8049
59197.776834	8471268625.000	10.389266	8049
59197.776846	8471268625.000	9.805337	8049
59197.776858	8471268625.000	8.951646	8049
59197.776869	8471268625.000	8.489306	8049
59197.776881	8471268625.000	8.927169	8049
59197.776892	8471268625.000	11.124636	8049
59197.776904	8471268625.000	9.849567	8049
59197.776916	8471268625.000	10.465103	8049
59197.776927	8471268625.000	10.371587	8049
59197.776939	8471268625.000	9.633204	8049
59197.776950	8471268625.000	10.482436	8049
59197.776962	8471268625.000	10.401256	8049
59197.776973	8471268625.000	10.133138	8049
59197.776985	8471268625.000	10.901825	8049
59197.776997	8471268625.000	9.520501	8049
59197.777008	8471268625.000	8.652446	8049
59197.777020	8471268625.000	9.042101	8049
59197.777031	8471268625.000	10.022651	8049
59197.777043	8471268625.000	10.605333	8049
59197.777054	8471268625.000	8.929052	8049
59197.777066	8471268625.000	8.297759	8049
59197.777078	8471268625.000	9.858021	8049
59197.777089	8471268625.000	9.571033	8049
59197.777101	8471268625.000	7.397197	8049
59197.777112	8471268625.000	8.400707	8049
59197.777124	8471268625.000	7.831198	8049
59197.777135	8471268625.000	8.453165	8049
59197.777147	8471268600.000	7.927382	8049
59197.777159	8471268600.000	7.822653	8049
59197.777170	8471268600.000	8.602694	8049
59197.777182	8471268600.000	7.344598	8049
59197.777193	8471268600.000	8.245849	8049
59197.777205	8471268600.000	9.255443	8049
59197.777216	8471268600.000	9.129796	8049
59197.777228	8471268600.000	8.896194	8049
59197.777240	8471268600.000	9.759270	8049
59197.777251	8471268600.000	10.715031	8049
59197.777263	8471268600.000	10.770919	8049
59197.777274	8471268600.000	10.992210	8049
59197.777286	8471268600.000	10.401515	8049
59197.777297	8471268600.000	8.309564	8049
59197.777309	8471268600.000	8.562015	8049
59197.777321	8471268600.000	10.686369	8049
59197.777332	8471268600.000	9.829587	8049
59197.777344	8471268600.000	10.335104	8049
59197.777355	8471268600.000	9.777186	8049
59197.777367	8471268600.000	9.221617	8049
59197.777378	8471268600.000	11.509397	8049
59197.777390	8471268600.000	10.133978	8049
59197.777402	8471268600.000	8.501084	8049
59197.777413	8471268600.000	8.997281	8049
59197.777425	8471268600.000	10.538290	8049
59197.777436	8471268600.000	10.045264	8049
59197.777448	8471268600.000	8.935040	8049
59197.777459	8471268600.000	8.025768	8049
59197.777471	8471268600.000	7.630181	8049
59197.777483	8471268600.000	8.016495	8049
59197.777494	8471268600.000	7.904407	8049
59197.777506	8471268600.000	9.021504	8049
59197.777517	8471268600.000	7.076243	8049
59197.777529	8471268575.000	7.572360	8049
59197.777541	8471268575.000	6.930660	8049
59197.777552	8471268575.000	8.422037	8049
59197.777564	8471268575.000	7.059591	8049
59197.777575	8471268575.000	9.290973	8049
59197.777587	8471268575.000	9.737067	8049
59197.777598	8471268575.000	8.888729	8049
59197.777610	8471268575.000	7.756605	8049
59197.777622	8471268575.000	9.603077	8049
59197.777633	8471268575.000	7.656434	8049
59197.777645	8471268575.000	9.187588	8049
59197.777656	8471268575.000	10.910636	8049
59197.777668	8471268575.000	9.826878	8049
59197.777679	8471268575.000	9.916311	8049
59197.777691	8471268575.000	9.992409	8049
59197.777703	8471268575.000	9.289072	8049
59197.777714	8471268575.000	10.589787	8049
59197.777726	8471268575.000	10.510819	8049
59197.777737	8471268575.000	11.258590	8049
59197.777749	8471268575.000	10.054870	8049
59197.777760	8471268575.000	10.738477	8049
59197.777772	8471268575.000	9.742133	8049
59197.777784	8471268575.000	11.263188	8049
59197.777795	8471268575.000	8.171726	8049
59197.777807	8471268575.000	8.502599	8049
59197.777818	8471268575.000	8.728024	8049
59197.777830	8471268575.000	9.161036	8049
59197.777841	8471268575.000	8.002360	8049
59197.777853	8471268575.000	9.063276	8049
59197.777865	8471268575.000	8.165494	8049
59197.777876	8471268575.000	8.791327	8049
59197.777888	8471268575.000	8.180809	8049
59197.777899	8471268575.000	8.748286	8049
59197.777911	8471268575.000	8.163500	8049
59197.777922	8471268575.000	6.839712	8049
59197.777934	8471268575.000	7.435343	8049
59197.777946	8471268550.000	7.707527	8049
59197.777957	8471268550.000	6.545839	8049
59197.777969	8471268550.000	8.655322	8049
59197.777980	8471268550.000	8.913796	8049
59197.777992	8471268550.000	9.256888	8049
59197.778003	8471268550.000	7.200575	8049
59197.778015	8471268550.000	9.067497	8049
59197.778027	8471268550.000	8.070883	8049
59197.778038	8471268550.000	8.808263	8049
59197.778050	8471268550.000	9.212463	8049
59197.778061	8471268550.000	8.575027	8049
59197.778073	8471268550.000	10.917231	8049
59197.778084	8471268550.000	9.594171	8049
59197.778096	8471268550.000	10.746103	8049
59197.778108	8471268550.000	10.013956	8049
59197.778119	8471268550.000	9.701615	8049
59197.778131	8471268550.000	8.817020	8049
59197.778142	8471268550.000	9.784757	8049
59197.778154	8471268550.000	9.229113	8049
59197.778166	8471268550.000	9.554406	8049
59197.778177	8471268550.000	9.877373	8049
59197.778189	8471268550.000	8.766930	8049
59197.778200	8471268550.000	9.576791	8049
59197.778212	8471268550.000	9.727118	8049
59197.778223	8471268550.000	9.192596	8049
59197.778235	8471268550.000	7.888970	8049
59197.778247	8471268550.000	7.957844	8049
59197.778258	8471268550.000	9.769201	8049
59197.778270	8471268550.000	8.394945	8049
59197.778281	8471268550.000	7.390635	8049
59197.778293	8471268550.000	7.806036	8049
59197.778304	8471268550.000	7.167372	8049
59197.778316	8471268550.000	8.659557	8049
59197.778328	8471268550.000	8.038247	8049
59197.778339	8471268550.000	6.253567	8049
59197.778351	8471268525.000	7.108078	8049
59197.778362	8471268525.000	7.784070	8049
59197.778374	8471268525.000	7.119726	8049
59197.778385	8471268525.000	6.632236	8049
59197.778397	8471268525.000	7.373126	8049
59197.778409	8471268525.000	8.284102	8049
59197.778420	8471268525.000	8.297866	8049
59197.778432	8471268525.000	9.816865	8049
59197.778443	8471268525.000	8.556724	8049
59197.778455	8471268525.000	10.593035	8049
59197.778466	8471268525.000	9.461161	8049
59197.778478	8471268525.000	8.775162	8049
59197.778490	8471268525.000	8.696501	8049
59197.778501	8471268525.000	9.537073	8049
59197.778513	8471268525.000	10.055252	8049
59197.778524	8471268525.000	9.346180	8049
59197.778536	8471268525.000	9.796084	8049
59197.778547	8471268525.000	10.999434	8049
59197.778559	8471268525.000	10.464429	8049
59197.778571	8471268525.000	10.903460	8049
59197.778582	8471268525.000	9.987044	8049
59197.778594	8471268525.000	10.021330	8049
59197.778605	8471268525.000	9.406824	8049
59197.778617	8471268525.000	9.318995	8049
59197.778628	8471268525.000	8.846739	8049
59197.778640	8471268525.000	10.128366	8049
59197.778652	8471268525.000	8.405110	8049
59197.778663	8471268525.000	7.820115	8049
59197.778675	8471268525.000	10.495333	8049
59197.778686	8471268525.000	8.773152	8049
59197.778698	8471268525.000	8.754298	8049
59197.778709	8471268525.000	7.731310	8049
59197.778721	8471268525.000	7.996514	8049
59197.778733	8471268525.000	7.090668	8049
59197.778744	8471268525.000	7.587463	8049
59197.778756	8471268525.000	6.569351	8049
59197.778767	8471268500.000	7.037233	8049
59197.778779	8471268500.000	9.467099	8049
59197.778791	8471268500.000	9.245216	8049
59197.778802	8471268500.000	7.535545	8049
59197.778814	8471268500.000	7.228721	8049
59197.778825	8471268500.000	8.530935	8049
59197.778837	8471268500.000	9.716287	8049
59197.778848	8471268500.000	10.021160	8049
59197.778860	8471268500.000	9.665637	8049
59197.778872	8471268500.000	9.651239	8049
59197.778883	8471268500.000	9.402859	8049
59197.778895	8471268500.000	8.253426	8049
59197.778906	8471268500.000	10.285133	8049
59197.778918	8471268500.000	10.789145	8049
59197.778929	8471268500.000	9.098620	8049
59197.778941	8471268500.000	8.731403	8049
59197.778953	8471268500.000	9.324728	8049
59197.778964	8471268500.000	10.795959	8049
59197.778976	8471268500.000	10.243169	8049
59197.778987	8471268500.000	9.100044	8049
59197.778999	8471268500.000	10.818924	8049
59197.779010	8471268500.000	10.999317	8049
59197.779022	8471268500.000	9.455279	8049
59197.779034	8471268500.000	10.517492	8049
59197.779045	8471268500.000	10.822708	8049
59197.779057	8471268500.000	10.371665	8049
59197.779068	8471268500.000	9.223161	8049
59197.779080	8471268500.000	9.380685	8049
59197.779091	8471268500.000	9.016656	8049
59197.779103	8471268500.000	10.100991	8049
59197.779115	8471268500.000	8.458543	8049
59197.779126	8471268500.000	6.867039	8049
59197.779138	8471268500.000	7.233542	8049
59197.779149	8471268475.000	6.358685	8049
59197.779161	8471268500.000	7.215994	8049
59197.779172	8471268500.000	6.229264	8049
59197.779184	8471268475.000	8.352963	8049
59197.779196	8471268475.000	8.918159	8049
59197.779207	8471268475.000	8.166220	8049
59197.779219	8471268475.000	8.834091	8049
59197.779230	8471268475.000	8.883363	8049
59197.779242	8471268475.000	8.704985	8049
59197.779253	8471268475.000	10.041353	8049
59197.779265	8471268475.000	9.259200	8049
59197.779277	8471268475.000	9.640042	8049
59197.779288	8471268475.000	9.369857	8049
59197.779300	8471268475.000	9.567462	8049
59197.779311	8471268475.000	9.835774	8049
59197.779323	8471268475.000	8.519329	8049
59197.779334	8471268475.000	9.755162	8049
59197.779346	8471268475.000	9.754354	8049
59197.779358	8471268475.000	10.865179	8049
59197.779369	8471268475.000	10.860023	8049
59197.779381	8471268475.000	11.359935	8049
59197.779392	8471268475.000	9.348945	8049
59197.779404	8471268475.000	11.435859	8049
59197.779416	8471268475.000	11.234868	8049
59197.779427	8471268475.000	9.664658	8049
59197.779439	8471268475.000	8.846310	8049
59197.779450	8471268475.000	9.199090	8049
59197.779462	8471268475.000	9.233429	8049
59197.779473	8471268475.000	9.001887	8049
59197.779485	8471268475.000	8.711906	8049
59197.779497	8471268475.000	9.667189	8049
59197.779508	8471268475.000	9.376245	8049
59197.779520	8471268475.000	9.803017	8049
59197.779531	8471268475.000	8.840501	8049
59197.779543	8471268475.000	8.633376	8049
59197.779554	8471268475.000	6.958548	8049
59197.779566	8471268475.000	7.969636	8049
59197.779578	8471268450.000	8.152713	8049
59197.779589	8471268450.000	9.940329	8049
59197.779601	8471268450.000	7.306795	8049
59197.779612	8471268450.000	9.282226	8049
59197.779624	8471268450.000	8.306487	8049
59197.779635	8471268450.000	7.347430	8049
59197.779647	8471268450.000	10.265668	8049
59197.779659	8471268450.000	10.786119	8049
59197.779670	8471268450.000	9.302794	8049
59197.779682	8471268450.000	10.877130	8049
59197.779693	8471268450.000	10.309231	8049
59197.779705	8471268450.000	10.856009	8049
59197.779716	8471268450.000	10.796029	8049
59197.779728	8471268450.000	11.282980	8049
59197.779740	8471268450.000	11.540152	8049
59197.779751	8471268450.000	10.833717	8049
59197.779763	8471268450.000	10.303865	8049
59197.779774	8471268450.000	10.857829	8049
59197.779786	8471268450.000	10.309587	8049
59197.779797	8471268450.000	9.439234	8049
59197.779809	8471268450.000	11.123405	8049
59197.779821	8471268450.000	10.774392	8049
59197.779832	8471268450.000	10.930929	8049
59197.779844	8471268450.000	10.177052	8049
59197.779855	8471268450.000	9.179914	8049
59197.779867	8471268450.000	10.249246	8049
59197.779878	8471268450.000	10.016522	8049
59197.779890	8471268450.000	9.442757	8049
59197.779902	8471268450.000	8.680955	8049
59197.779913	8471268450.000	10.149569	8049
59197.779925	8471268450.000	8.704007	8049
59197.779936	8471268450.000	8.260851	8049
59197.779948	8471268450.000	7.417997	8049
59197.779959	8471268450.000	7.687469	8049
59197.779971	8471268450.000	7.230675	8049
59197.779983	8471268425.000	7.729343	8049
59197.779994	8471268425.000	7.593861	8049
59197.780006	8471268425.000	6.446823	8049
59197.780017	8471268425.000	8.115041	8049
59197.780029	8471268425.000	8.902928	8049
59197.780041	8471268425.000	9.749998	8049
59197.780052	8471268425.000	10.724150	8049
59197.780064	8471268425.000	9.855394	8049
59197.780075	8471268425.000	9.086198	8049
59197.780087	8471268425.000	10.085424	8049
59197.780098	8471268425.000	9.887366	8049
59197.780110	8471268425.000	9.101386	8049
59197.780122	8471268425.000	11.084029	8049
59197.780133	8471268425.000	9.763789	8049
59197.780145	8471268425.000	11.879900	8049
59197.780156	8471268425.000	10.279809	8049
59197.780168	8471268425.000	12.300019	8049
59197.780179	8471268425.000	10.388675	8049
59197.780191	8471268425.000	11.895894	8049
59197.780203	8471268425.000	10.746008	8049
59197.780214	8471268425.000	9.474899	8049
59197.780226	8471268425.000	10.786467	8049
59197.780237	8471268425.000	10.955154	8049
59197.780249	8471268425.000	10.254858	8049
59197.780260	8471268425.000	10.671131	8049
59197.780272	8471268425.000	9.776584	8049
59197.780284	8471268425.000	10.657310	8049
59197.780295	8471268425.000	9.026668	8049
59197.780307	8471268425.000	9.466538	8049
59197.780318	8471268425.000	8.336750	8049
59197.780330	8471268425.000	8.035886	8049
59197.780341	8471268425.000	8.908446	8049
59197.780353	8471268425.000	7.797565	8049
59197.780365	8471268425.000	7.499361	8049
59197.780376	8471268400.000	8.089390	8049
59197.780388	8471268425.000	7.791015	8049
59197.780399	8471268400.000	7.581110	8049
59197.780411	8471268400.000	7.452068	8049
59197.780422	8471268400.000	8.715218	8049
59197.780434	8471268400.000	7.939362	8049
59197.780446	8471268400.000	7.895989	8049
59197.780457	8471268400.000	7.802663	8049
59197.780469	8471268400.000	8.947099	8049
59197.780480	8471268400.000	9.008428	8049
59197.780492	8471268400.000	8.611679	8049
59197.780503	8471268400.000	9.532696	8049
59197.780515	8471268400.000	9.965376	8049
59197.780527	8471268400.000	9.052454	8049
59197.780538	8471268400.000	9.849338	8049
59197.780550	8471268400.000	9.378982	8049
59197.780561	8471268400.000	9.566996	8049
59197.780573	8471268400.000	9.340606	8049
59197.780584	8471268400.000	9.979723	8049
59197.780596	8471268400.000	9.100562	8049
59197.780608	8471268400.000	10.498258	8049
59197.780619	8471268400.000	10.318766	8049
59197.780631	8471268400.000	10.454697	8049
59197.780642	8471268400.000	10.547026	8049
59197.780654	8471268400.000	9.865943	8049
59197.780666	8471268400.000	10.507692	8049
59197.780677	8471268400.000	10.835060	8049
59197.780689	8471268400.000	7.557193	8049
59197.780700	8471268400.000	8.895357	8049
59197.780712	8471268400.000	7.844770	8049
59197.780723	8471268400.000	8.693769	8049
59197.780735	8471268400.000	9.446905	8049
59197.780747	8471268400.000	7.389474	8049
59197.780758	8471268400.000	7.049798	8049
59197.780770	8471268400.000	8.148858	8049
59197.780781	8471268400.000	8.173993	8049
59197.780793	8471268400.000	7.001045	8049
59197.780804	8471268375.000	7.691015	8049
59197.780816	8471268375.000	7.709313	8049
59197.780828	8471268375.000	8.655597	8049
59197.780839	8471268375.000	7.484885	8049
59197.780851	8471268375.000	7.795331	8049
59197.780862	8471268375.000	8.688878	8049
59197.780874	8471268375.000	8.447100	8049
59197.780885	8471268375.000	9.957013	8049
59197.780897	8471268375.000	8.185453	8049
59197.780909	8471268375.000	8.914504	8049
59197.780920	8471268375.000	9.500017	8049
59197.780932	8471268375.000	9.384342	8049
59197.780943	8471268375.000	9.077249	8049
59197.780955	8471268375.000	9.143535	8049
59197.780966	8471268375.000	11.955325	8049
59197.780978	8471268375.000	10.072704	8049
59197.780990	8471268375.000	9.601905	8049
59197.781001	8471268375.000	8.599606	8049
59197.781013	8471268375.000	10.405302	8049
59197.781024	8471268375.000	10.928997	8049
59197.781036	8471268375.000	10.007672	8049
59197.781047	8471268375.000	9.251317	8049
59197.781059	8471268375.000	9.304618	8049
59197.781071	8471268375.000	10.274524	8049
59197.781082	8471268375.000	9.373702	8049
59197.781094	8471268375.000	9.361538	8049
59197.781105	8471268375.000	7.098946	8049
59197.781117	8471268375.000	9.034064	8049
59197.781128	8471268375.000	8.220089	8049
59197.781140	8471268375.000	8.822318	8049
59197.781152	8471268375.000	7.891095	8049
59197.781163	8471268375.000	10.361140	8049
59197.781175	8471268375.000	8.831325	8049
59197.781186	8471268375.000	7.660090	8049
59197.781198	8471268375.000	6.668297	8049
59197.781209	8471268375.000	7.267949	8049
59197.781221	8471268375.000	7.164286	8049
59197.781233	8471268375.000	7.640986	8049
59197.781244	8471268350.000	7.249071	8049
59197.781256	8471268350.000	7.957323	8049
59197.781267	8471268350.000	7.848164	8049
59197.781279	8471268350.000	8.690437	8049
59197.781291	8471268350.000	7.689745	8049
59197.781302	8471268350.000	6.594824	8049
59197.781314	8471268350.000	8.107038	8049
59197.781325	8471268350.000	8.880038	8049
59197.781337	8471268350.000	10.402906	8049
59197.781348	8471268350.000	10.168503	8049
59197.781360	8471268350.000	10.236217	8049
59197.781372	8471268350.000	8.746570	8049
59197.781383	8471268350.000	9.818723	8049
59197.781395	8471268350.000	10.155443	8049
59197.781406	8471268350.000	9.629106	8049
59197.781418	8471268350.000	10.044635	8049
59197.781429	8471268350.000	9.904634	8049
59197.781441	8471268350.000	9.110624	8049
59197.781453	8471268350.000	9.197880	8049
59197.781464	8471268350.000	9.178927	8049
59197.781476	8471268350.000	9.613972	8049
59197.781487	8471268350.000	9.734753	8049
59197.781499	8471268350.000	9.373620	8049
59197.781510	8471268350.000	8.457031	8049
59197.781522	8471268350.000	9.605252	8049
59197.781534	8471268350.000	8.963592	8049
59197.781545	8471268350.000	7.652846	8049
59197.781557	8471268350.000	8.621949	8049
59197.781568	8471268350.000	7.255844	8049
59197.781580	8471268350.000	7.860281	8049
59197.781591	8471268350.000	7.243433	8049
59197.781603	8471268350.000	7.035913	8049
59197.781615	8471268350.000	8.601137	8049
59197.781626	8471268350.000	6.441177	8049
59197.781638	8471268350.000	6.917277	8049
59197.781649	8471268325.000	6.636905	8049
59197.781661	8471268325.000	8.192325	8049
59197.781672	8471268325.000	9.475038	8049
59197.781684	8471268325.000	8.221264	8049
59197.781696	8471268325.000	9.803044	8049
59197.781707	8471268325.000	8.346127	8049
59197.781719	8471268325.000	8.861329	8049
59197.781730	8471268325.000	9.465044	8049
59197.781742	8471268325.000	11.002588	8049
59197.781753	8471268325.000	8.963754	8049
59197.781765	8471268325.000	9.789677	8049
59197.781777	8471268325.000	10.443435	8049
59197.781788	8471268325.000	9.751777	8049
59197.781800	8471268325.000	9.931716	8049
59197.781811	8471268325.000	10.398700	8049
59197.781823	8471268325.000	11.535035	8049
59197.781834	8471268325.000	10.421747	8049
59197.781846	8471268325.000	9.924683	8049
59197.781858	8471268325.000	11.379816	8049
59197.781869	8471268325.000	10.985279	8049
59197.781881	8471268325.000	10.887962	8049
59197.781892	8471268325.000	9.401109	8049
59197.781904	8471268325.000	11.413586	8049
59197.781916	8471268325.000	9.785867	8049
59197.781927	8471268325.000	9.207595	8049
59197.781939	8471268325.000	10.097537	8049
59197.781950	8471268325.000	8.360415	8049
59197.781962	8471268325.000	9.080882	8049
59197.781973	8471268325.000	8.387177	8049
59197.781985	8471268325.000	8.740814	8049
59197.781997	8471268325.000	8.638808	8049
59197.782008	8471268325.000	8.409888	8049
59197.782020	8471268325.000	8.489506	8049
59197.782031	8471268325.000	7.903338	8049
59197.782043	8471268325.000	7.876509	8049
59197.782054	8471268300.000	7.352571	8049
59197.782066	8471268300.000	7.371943	8049
59197.782078	8471268300.000	7.680596	8049
59197.782089	8471268300.000	9.911480	8049
59197.782101	8471268300.000	9.811808	8049
59197.782112	8471268300.000	9.741982	8049
59197.782124	8471268300.000	11.135228	8049
59197.782135	8471268300.000	10.136090	8049
59197.782147	8471268300.000	10.281240	8049
59197.782159	8471268300.000	10.976356	8049
59197.782170	8471268300.000	11.574863	8049
59197.782182	8471268300.000	10.065535	8049
59197.782193	8471268300.000	11.746209	8049
59197.782205	8471268300.000	11.627781	8049
59197.782216	8471268300.000	11.759179	8049
59197.782228	8471268300.000	13.095332	8049
59197.782240	8471268300.000	10.875320	8049
59197.782251	8471268300.000	9.754406	8049
59197.782263	8471268300.000	10.580787	8049
59197.782274	8471268300.000	10.242170	8049
59197.782286	8471268300.000	12.308291	8049
59197.782297	8471268300.000	11.560968	8049
59197.782309	8471268300.000	9.464136	8049
59197.782321	8471268300.000	10.024993	8049
59197.782332	8471268300.000	11.182285	8049
59197.782344	8471268300.000	10.468982	8049
59197.782355	8471268300.000	9.104920	8049
59197.782367	8471268300.000	10.216595	8049
59197.782378	8471268300.000	9.892267	8049
59197.782390	8471268300.000	10.071923	8049
59197.782402	8471268300.000	11.022125	8049
59197.782413	8471268300.000	8.928883	8049
59197.782425	8471268300.000	9.466031	8049
59197.782436	8471268300.000	8.674208	8049
59197.782448	8471268300.000	8.057721	8049
59197.782459	8471268275.000	8.278239	8049
59197.782471	8471268275.000	8.957386	8049
59197.782483	8471268275.000	9.009494	8049
59197.782494	8471268275.000	7.502914	8049
59197.782506	8471268275.000	10.058403	8049
59197.782517	8471268275.000	10.060145	8049
59197.782529	8471268275.000	9.522481	8049
59197.782541	8471268275.000	10.303852	8049
59197.782552	8471268275.000	9.572239	8049
59197.782564	8471268275.000	12.531122	8049
59197.782575	8471268275.000	11.023512	8049
59197.782587	8471268275.000	11.739509	8049
59197.782598	8471268275.000	11.970997	8049
59197.782610	8471268275.000	12.116010	8049
59197.782622	8471268275.000	10.861553	8049
59197.782633	8471268275.000	9.449443	8049
59197.782645	8471268275.000	11.451500	8049
59197.782656	8471268275.000	10.977489	8049
59197.782668	8471268275.000	12.435712	8049
59197.782679	8471268275.000	12.115653	8049
59197.782691	8471268275.000	12.676761	8049
59197.782703	8471268275.000	12.057453	8049
59197.782714	8471268275.000	11.920163	8049
59197.782726	8471268275.000	12.042523	8049
59197.782737	8471268275.000	10.163359	8049
59197.782749	8471268275.000	11.406381	8049
59197.782760	8471268275.000	11.782024	8049
59197.782772	8471268275.000	10.882610	8049
59197.782784	8471268275.000	10.331099	8049
59197.782795	8471268275.000	9.873197	8049
59197.782807	8471268275.000	9.773006	8049
59197.782818	8471268275.000	9.868561	8049
59197.782830	8471268275.000	9.065694	8049
59197.782841	8471268275.000	9.389483	8049
59197.782853	8471268275.000	8.693473	8049
59197.782865	8471268275.000	8.835113	8049
59197.782876	8471268250.000	7.075675	8049
59197.782888	8471268250.000	8.832179	8049
59197.782899	8471268250.000	10.028655	8049
59197.782911	8471268250.000	7.806846	8049
59197.782922	8471268250.000	8.733970	8049
59197.782934	8471268250.000	8.825519	8049
59197.782946	8471268250.000	9.801538	8049
59197.782957	8471268250.000	11.680249	8049
59197.782969	8471268250.000	12.196256	8049
59197.782980	8471268250.000	11.249429	8049
59197.782992	8471268250.000	10.923617	8049
59197.783003	8471268250.000	11.529193	8049
59197.783015	8471268250.000	11.338573	8049
59197.783027	8471268250.000	10.918816	8049
59197.783038	8471268250.000	10.794832	8049
59197.783050	8471268250.000	13.034052	8049
59197.783061	8471268250.000	11.057779	8049
59197.783073	8471268250.000	11.955943	8049
59197.783084	8471268250.000	11.110456	8049
59197.783096	8471268250.000	10.409794	8049
59197.783108	8471268250.000	11.982113	8049
59197.783119	8471268250.000	13.753400	8049
59197.783131	8471268250.000	12.602538	8049
59197.783142	8471268250.000	11.025668	8049
59197.783154	8471268250.000	12.349898	8049
59197.783166	8471268250.000	12.853480	8049
59197.783177	8471268250.000	12.090407	8049
59197.783189	8471268250.000	9.443553	8049
59197.783200	8471268250.000	9.389546	8049
59197.783212	8471268250.000	9.396702	8049
59197.783223	8471268250.000	9.678024	8049
59197.783235	8471268250.000	10.539244	8049
59197.783247	8471268250.000	8.758932	8049
59197.783258	8471268250.000	9.108974	8049
59197.783270	8471268250.000	7.172098	8049
59197.783281	8471268250.000	9.619105	8049
59197.783293	8471268225.000	9.522121	8049
59197.783304	8471268225.000	9.206692	8049
59197.783316	8471268225.000	9.261017	8049
59197.783328	8471268225.000	9.981694	8049
59197.783339	8471268225.000	10.052830	8049
59197.783351	8471268225.000	10.422104	8049
59197.783362	8471268225.000	9.371038	8049
59197.783374	8471268225.000	10.761785	8049
59197.783385	8471268225.000	9.104581	8049
59197.783397	8471268225.000	10.585569	8049
59197.783409	8471268225.000	10.010374	8049
59197.783420	8471268225.000	11.423422	8049
59197.783432	8471268225.000	10.582742	8049
59197.783443	8471268225.000	10.227291	8049
59197.783455	8471268225.000	13.959962	8049
59197.783466	8471268225.000	12.150252	8049
59197.783478	8471268225.000	12.312690	8049
59197.783490	8471268225.000	11.427664	8049
59197.783501	8471268225.000	10.536089	8049
59197.783513	8471268225.000	11.970543	8049
59197.783524	8471268225.000	11.547225	8049
59197.783536	8471268225.000	12.063351	8049
59197.783547	8471268225.000	10.809187	8049
59197.783559	8471268225.000	11.428430	8049
59197.783571	8471268225.000	11.427119	8049
59197.783582	8471268225.000	11.048376	8049
59197.783594	8471268225.000	10.349545	8049
59197.783605	8471268225.000	9.855273	8049
59197.783617	8471268225.000	10.308617	8049
59197.783628	8471268225.000	7.453856	8049
59197.783640	8471268225.000	9.525550	8049
59197.783652	8471268225.000	9.540015	8049
59197.783663	8471268225.000	8.030022	8049
59197.783675	8471268225.000	8.078447	8049
59197.783686	8471268200.000	7.948780	8049
59197.783698	8471268225.000	8.157006	8049
59197.783709	8471268225.000	8.069299	8049
59197.783721	8471268225.000	9.125865	8049
59197.783733	8471268200.000	9.291070	8049
59197.783744	8471268200.000	8.224074	8049
59197.783756	8471268200.000	8.352149	8049
59197.783767	8471268200.000	9.830868	8049
59197.783779	8471268200.000	9.949903	8049
59197.783791	8471268200.000	9.110920	8049
59197.783802	8471268200.000	9.646490	8049
59197.783814	8471268200.000	8.136901	8049
59197.783825	8471268200.000	9.867664	8049
59197.783837	8471268200.000	10.629664	8049
59197.783848	8471268200.000	9.737057	8049
59197.783860	8471268200.000	8.765233	8049
59197.783872	8471268200.000	10.334226	8049
59197.783883	8471268200.000	8.885206	8049
59197.783895	8471268200.000	11.110761	8049
59197.783906	8471268200.000	10.018776	8049
59197.783918	8471268200.000	8.913869	8049
59197.783929	8471268200.000	9.727558	8049
59197.783941	8471268200.000	10.278301	8049
59197.783953	8471268200.000	9.760683	8049
59197.783964	8471268200.000	12.040830	8049
59197.783976	8471268200.000	10.951708	8049
59197.783987	8471268200.000	9.681645	8049
59197.783999	8471268200.000	8.516039	8049
59197.784010	8471268200.000	9.630462	8049
59197.784022	8471268200.000	9.312615	8049
59197.784034	8471268200.000	9.821407	8049
59197.784045	8471268200.000	8.745133	8049
59197.784057	8471268200.000	8.637148	8049
59197.784068	8471268200.000	8.085576	8049
59197.784080	8471268200.000	8.874131	8049
59197.784091	8471268200.000	7.297534	8049
59197.784103	8471268200.000	7.282924	8049
59197.784115	8471268200.000	8.196508	8049
59197.784126	8471268200.000	7.647064	8049
59197.784138	8471268175.000	8.069704	8049
59197.784149	8471268175.000	8.173954	8049
59197.784161	8471268175.000	8.114747	8049
59197.784172	8471268175.000	7.767394	8049
59197.784184	8471268175.000	7.506532	8049
59197.784196	8471268175.000	7.446904	8049
59197.784207	8471268175.000	8.276663	8049
59197.784219	8471268175.000	9.811746	8049
59197.784230	8471268175.000	8.658890	8049
59197.784242	8471268175.000	8.310839	8049
59197.784253	8471268175.000	8.247551	8049
59197.784265	8471268175.000	9.437787	8049
59197.784277	8471268175.000	9.488860	8049
59197.784288	8471268175.000	7.598703	8049
59197.784300	8471268175.000	10.132759	8049
59197.784311	8471268175.000	8.201032	8049
59197.784323	8471268175.000	9.133445	8049
59197.784334	8471268175.000	8.467554	8049
59197.784346	8471268175.000	10.191878	8049
59197.784358	8471268175.000	9.083700	8049
59197.784369	8471268175.000	7.931800	8049
59197.784381	8471268175.000	9.766679	8049
59197.784392	8471268175.000	8.773479	8049
59197.784404	8471268175.000	8.741739	8049
59197.784416	8471268175.000	9.391773	8049
59197.784427	8471268175.000	7.646366	8049
59197.784439	8471268175.000	7.756590	8049
59197.784450	8471268175.000	8.903728	8049
59197.784462	8471268175.000	8.612592	8049
59197.784473	8471268175.000	7.774242	8049
59197.784485	8471268175.000	7.332602	8049
59197.784497	8471268175.000	7.890416	8049
59197.784508	8471268175.000	8.125391	8049
59197.784520	8471268150.000	6.667066	8049
59197.784531	8471268150.000	6.823011	8049
59197.784543	8471268150.000	6.672923	8049
59197.784554	8471268150.000	6.224571	8049
59197.784566	8471268175.000	6.787453	8049
59197.784578	8471268150.000	7.657315	8049
59197.784589	8471268150.000	8.691928	8049
59197.784601	8471268150.000	6.782076	8049
59197.784612	8471268150.000	6.822233	8049
59197.784624	8471268150.000	8.113059	8049
59197.784635	8471268150.000	8.487888	8049
59197.784647	8471268150.000	7.131956	8049
59197.784659	8471268150.000	8.860651	8049
59197.784670	8471268150.000	8.774217	8049
59197.784682	8471268150.000	7.367558	8049
59197.784693	8471268150.000	7.755518	8049
59197.784705	8471268150.000	9.192536	8049
59197.784716	8471268150.000	7.101358	8049
59197.784728	8471268150.000	7.629230	8049
59197.784740	8471268150.000	6.958358	8049
59197.784751	8471268150.000	9.044907	8049
59197.784763	8471268150.000	8.337983	8049
59197.784774	8471268150.000	8.389802	8049
59197.784786	8471268150.000	7.586519	8049
59197.784797	8471268150.000	7.048790	8049
59197.784809	8471268150.000	8.098995	8049
59197.784821	8471268150.000	6.856119	8049
59197.784832	8471268150.000	7.759969	8049
59197.784844	8471268150.000	7.489864	8049
59197.784855	8471268150.000	5.533061	8049
59197.784867	8471268150.000	6.424133	8049
59197.784878	8471268150.000	6.694076	8049
59197.784890	8471268150.000	7.096519	8049
59197.784902	8471268150.000	5.801139	8049
59197.784913	8471268150.000	5.166550	8049
59197.784925	8471268150.000	6.176555	8049
59197.784936	8471268150.000	7.306303	8049
59197.784948	8471268150.000	5.700420	8049
59197.784959	8471268150.000	5.104144	8049
59197.784971	8471268150.000	5.095694	8049
59197.784983	8471268150.000	5.999228	8049
59197.784994	8471268125.000	6.077410	8049
59197.785006	8471268125.000	5.559530	8049
59197.785017	8471268125.000	4.933777	8049
59197.785029	8471268125.000	6.876398	8049
59197.785041	8471268125.000	5.462541	8049
59197.785052	8471268125.000	5.466596	8049
59197.785064	8471268125.000	6.990962	8049
59197.785075	8471268125.000	5.400995	8049
59197.785087	8471268125.000	7.254383	8049
59197.785098	8471268125.000	5.919153	8049
59197.785110	8471268125.000	6.845759	8049
59197.785122	8471268125.000	6.921788	8049
59197.785133	8471268125.000	6.584406	8049
59197.785145	8471268125.000	5.980336	8049
59197.785156	8471268125.000	6.491774	8049
59197.785168	8471268125.000	5.879877	8049
59197.785179	8471268125.000	6.750114	8049
59197.785191	8471268125.000	8.021172	8049
59197.785203	8471268125.000	6.325874	8049
59197.785214	8471268125.000	7.418780	8049
59197.785226	8471268125.000	6.388011	8049
59197.785237	8471268125.000	5.493557	8049
59197.785249	8471268125.000	6.526103	8049
59197.785260	8471268125.000	6.194927	8049
59197.785272	8471268125.000	5.779883	8049
59197.785284	8471268125.000	5.734092	8049
59197.785295	8471268125.000	5.613385	8049
59197.785307	8471268125.000	6.460230	8049
59197.785318	8471268125.000	5.391589	8049
59197.785330	8471268125.000	5.522823	8049
59197.785341	8471268125.000	4.650456	8049
59197.785353	8471268125.000	5.242335	8049
59197.785365	8471268125.000	4.756944	8049
59197.785376	8471268125.000	6.130317	8049
59197.785388	8471268125.000	4.545088	8049
59197.785399	8471268100.000	5.536730	8049
59197.785411	8471268100.000	4.549121	8049
59197.785422	8471268100.000	5.100974	8049
59197.785434	8471268100.000	5.236266	8049
59197.785446	8471268100.000	5.257799	8049
59197.785457	8471268100.000	5.520191	8049
59197.785469	8471268100.000	5.553977	8049
59197.785480	8471268100.000	4.529426	8049
59197.785492	8471268100.000	6.690078	8049
59197.785503	8471268100.000	5.600189	8049
59197.785515	8471268100.000	6.014538	8049
59197.785527	8471268100.000	6.309548	8049
59197.785538	8471268100.000	5.596336	8049
59197.785550	8471268100.000	6.875093	8049
59197.785561	8471268100.000	4.917053	8049
59197.785573	8471268100.000	6.269331	8049
59197.785584	8471268100.000	7.680515	8049
59197.785596	8471268100.000	6.836872	8049
59197.785608	8471268100.000	5.668082	8049
59197.785619	8471268100.000	5.709483	8049
59197.785631	8471268100.000	5.301458	8049
59197.785642	8471268100.000	6.116830	8049
59197.785654	8471268100.000	7.178582	8049
59197.785666	8471268100.000	6.140809	8049
59197.785677	8471268100.000	4.970925	8049
59197.785689	8471268100.000	5.235528	8049
59197.785700	8471268100.000	6.086361	8049
59197.785712	8471268100.000	6.031754	8049
59197.785723	8471268100.000	5.165413	8049
59197.785735	8471268100.000	5.122529	8049
59197.785747	8471268100.000	5.961918	8049
59197.785758	8471268100.000	4.685691	8049
59197.785770	8471268100.000	5.154886	8049
59197.785781	8471268100.000	4.739776	8049
59197.785793	8471268100.000	5.256044	8049
59197.785804	8471268100.000	4.660697	8049
59197.785816	8471268075.000	4.762292	8049
59197.785828	8471268075.000	4.235807	8049
59197.785839	8471268075.000	3.887288	8049
59197.785851	8471268075.000	4.999843	8049
59197.785862	8471268075.000	5.130937	8049
59197.785874	8471268075.000	5.466652	8049
59197.785885	8471268075.000	5.127240	8049
59197.785897	8471268075.000	4.213705	8049
59197.785909	8471268075.000	4.623529	8049
59197.785920	8471268075.000	4.792055	8049
59197.785932	8471268075.000	5.085282	8049
59197.785943	8471268075.000	5.610220	8049
59197.785955	8471268075.000	5.619473	8049
59197.785966	8471268075.000	4.320764	8049
59197.785978	8471268075.000	5.072629	8049
59197.785990	8471268075.000	5.601051	8049
59197.786001	8471268075.000	5.247923	8049
59197.786013	8471268075.000	4.510107	8049
59197.786024	8471268075.000	5.365262	8049
59197.786036	8471268075.000	4.825827	8049
59197.786047	8471268075.000	5.423548	8049
59197.786059	8471268075.000	5.614375	8049
59197.786071	8471268075.000	5.753686	8049
59197.786082	8471268075.000	5.424159	8049
59197.786094	8471268075.000	4.733000	8049
59197.786105	8471268075.000	5.629157	8049
59197.786117	8471268075.000	5.404548	8049
59197.786128	8471268075.000	4.835348	8049
59197.786140	8471268075.000	4.107327	8049
59197.786152	8471268075.000	3.490445	8049
59197.786163	8471268075.000	3.885247	8049
59197.786175	8471268075.000	3.698174	8049
59197.786186	8471268075.000	5.213003	8049
59197.786198	8471268075.000	3.560980	8049
59197.786209	8471268075.000	4.481515	8049
59197.786221	8471268075.000	3.686527	8049
59197.786233	8471268075.000	4.147529	8049
59197.786244	8471268075.000	4.383878	8049
59197.786256	8471268050.000	5.126889	8049
59197.786267	8471268050.000	4.685502	8049
59197.786279	8471268050.000	4.271293	8049
59197.786291	8471268050.000	4.006524	8049
59197.786302	8471268050.000	4.335018	8049
59197.786314	8471268050.000	3.923406	8049
59197.786325	8471268050.000	5.072175	8049
59197.786337	8471268050.000	5.115785	8049
59197.786348	8471268050.000	4.731038	8049
59197.786360	8471268050.000	5.064744	8049
59197.786372	8471268050.000	5.030254	8049
59197.786383	8471268050.000	5.535367	8049
59197.786395	8471268050.000	4.824076	8049
59197.786406	8471268050.000	5.754168	8049
59197.786418	8471268050.000	4.587081	8049
59197.786429	8471268050.000	5.321680	8049
59197.786441	8471268050.000	5.959657	8049
59197.786453	8471268050.000	5.129943	8049
59197.786464	8471268050.000	4.419520	8049
59197.786476	8471268050.000	4.371249	8049
59197.786487	8471268050.000	4.028820	8049
59197.786499	8471268050.000	5.168228	8049
59197.786510	8471268050.000	4.927867	8049
59197.786522	8471268050.000	5.080476	8049
59197.786534	8471268050.000	4.604783	8049
59197.786545	8471268050.000	5.051436	8049
59197.786557	8471268050.000	4.785687	8049
59197.786568	8471268050.000	4.662586	8049
59197.786580	8471268050.000	4.949515	8049
59197.786591	8471268050.000	4.916517	8049
59197.786603	8471268050.000	4.888985	8049
59197.786615	8471268050.000	4.240423	8049
59197.786626	8471268050.000	3.983164	8049
59197.786638	8471268050.000	3.605672	8049
59197.786649	8471268025.000	3.802233	8049
59197.786661	8471268050.000	3.296791	8049
59197.786672	8471268025.000	3.969809	8049
59197.786684	8471268050.000	2.955606	8049
59197.786696	8471268025.000	5.082925	8049
59197.786707	8471268025.000	3.534132	8049
59197.786719	8471268025.000	3.836001	8049
59197.786730	8471268025.000	4.050604	8049
59197.786742	8471268025.000	5.024882	8049
59197.786753	8471268025.000	3.695775	8049
59197.786765	8471268025.000	3.699851	8049
59197.786777	8471268025.000	4.409517	8049
59197.786788	8471268025.000	5.367483	8049
59197.786800	8471268025.000	4.439586	8049
59197.786811	8471268025.000	3.970284	8049
59197.786823	8471268025.000	5.937278	8049
59197.786834	8471268025.000	5.581665	8049
59197.786846	8471268025.000	4.526175	8049
59197.786858	8471268025.000	4.798276	8049
59197.786869	8471268025.000	5.171691	8049
59197.786881	8471268025.000	4.838047	8049
59197.786892	8471268025.000	5.295810	8049
59197.786904	8471268025.000	5.068661	8049
59197.786916	8471268025.000	4.815666	8049
59197.786927	8471268025.000	4.943630	8049
59197.786939	8471268025.000	5.730239	8049
59197.786950	8471268025.000	5.459095	8049
59197.786962	8471268025.000	5.168983	8049
59197.786973	8471268025.000	4.827916	8049
59197.786985	8471268025.000	4.226199	8049
59197.786997	8471268025.000	3.888116	8049
59197.787008	8471268025.000	4.525209	8049
59197.787020	8471268025.000	3.497466	8049
59197.787031	8471268025.000	4.026381	8049
59197.787043	8471268025.000	4.504004	8049
59197.787054	8471268000.000	4.322331	8049
59197.787066	8471268025.000	4.399110	8049
59197.787078	8471268025.000	4.175558	8049
59197.787089	8471268025.000	4.136521	8049
59197.787101	8471268000.000	3.420571	8049
59197.787112	8471268000.000	4.451544	8049
59197.787124	8471268000.000	4.038020	8049
59197.787135	8471268000.000	4.862938	8049
59197.787147	8471268025.000	4.333941	8049
59197.787159	8471268000.000	3.821862	8049
59197.787170	8471268000.000	4.289069	8049
59197.787182	8471268000.000	4.048277	8049
59197.787193	8471268000.000	4.981880	8049
59197.787205	8471268000.000	4.954385	8049
59197.787216	8471268000.000	4.609744	8049
59197.787228	8471268000.000	4.007608	8049
59197.787240	8471268000.000	4.549159	8049
59197.787251	8471268000.000	5.608800	8049
59197.787263	8471268000.000	4.626518	8049
59197.787274	8471268000.000	4.758476	8049
59197.787286	8471268000.000	3.868994	8049
59197.787297	8471268000.000	5.366133	8049
59197.787309	8471268000.000	4.539783	8049
59197.787321	8471268000.000	5.205197	8049
59197.787332	8471268000.000	4.568182	8049
59197.787344	8471268000.000	4.320334	8049
59197.787355	8471268000.000	4.278537	8049
59197.787367	8471268000.000	5.385479	8049
59197.787378	8471268000.000	3.813787	8049
59197.787390	8471268000.000	5.029269	8049
59197.787402	8471268000.000	4.646543	8049
59197.787413	8471268000.000	4.729156	8049
59197.787425	8471268000.000	4.068632	8049
59197.787436	8471268000.000	3.875592	8049
59197.787448	8471268000.000	4.568546	8049
59197.787459	8471268000.000	4.980493	8049
59197.787471	8471268000.000	4.215126	8049
59197.787483	8471268000.000	2.899748	8049
59197.787494	8471268000.000	3.745087	8049
59197.787506	8471268000.000	3.824768	8049
59197.787517	8471268000.000	3.681558	8049
59197.787529	8471268000.000	2.995581	8049
59197.787541	8471267975.000	3.999547	8049
59197.787552	8471267975.000	4.492933	8049
59197.787564	8471267975.000	4.178931	8049
59197.787575	8471267975.000	4.326344	8049
59197.787587	8471267975.000	2.899055	8049
59197.787598	8471267975.000	3.157130	8049
59197.787610	8471267975.000	2.997424	8049
59197.787622	8471267975.000	4.104639	8049
59197.787633	8471267975.000	4.043929	8049
59197.787645	8471267975.000	4.550553	8049
59197.787656	8471267975.000	4.781950	8049
59197.787668	8471267975.000	3.858924	8049
59197.787679	8471267975.000	4.603377	8049
59197.787691	8471267975.000	3.974070	8049
59197.787703	8471267975.000	4.868127	8049
59197.787714	8471267975.000	4.815305	8049
59197.787726	8471267975.000	3.972217	8049
59197.787737	8471267975.000	4.322979	8049
59197.787749	8471267975.000	4.482662	8049
59197.787760	8471267975.000	4.799114	8049
59197.787772	8471267975.000	4.477311	8049
59197.787784	8471267975.000	3.841810	8049
59197.787795	8471267975.000	4.596662	8049
59197.787807	8471267975.000	5.265872	8049
59197.787818	8471267975.000	4.748856	8049
59197.787830	8471267975.000	4.363459	8049
59197.787841	8471267975.000	3.276619	8049
59197.787853	8471267975.000	4.143179	8049
59197.787865	8471267975.000	3.549424	8049
59197.787876	8471267975.000	3.458400	8049
59197.787888	8471267975.000	3.581863	8049
59197.787899	8471267975.000	3.686013	8049
59197.787911	8471267975.000	3.180576	8049
59197.787922	8471267950.000	3.323004	8049
59197.787934	8471267975.000	3.104572	8049
59197.787946	8471267975.000	4.123063	8049
59197.787957	8471267950.000	3.442070	8049
59197.787969	8471267975.000	3.091760	8049
59197.787980	8471267950.000	3.729856	8049
59197.787992	8471267975.000	3.543071	8049
59197.788003	8471267950.000	4.869427	8049
59197.788015	8471267950.000	3.672966	8049
59197.788027	8471267950.000	3.941948	8049
59197.788038	8471267950.000	3.760498	8049
59197.788050	8471267950.000	3.659630	8049
59197.788061	8471267950.000	5.157723	8049
59197.788073	8471267950.000	3.763634	8049
59197.788084	8471267950.000	2.981998	8049
59197.788096	8471267950.000	3.087685	8049
59197.788108	8471267950.000	4.440684	8049
59197.788119	8471267950.000	3.838088	8049
59197.788131	8471267950.000	3.741819	8049
59197.788142	8471267950.000	4.679014	8049
59197.788154	8471267950.000	3.741430	8049
59197.788166	8471267950.000	4.146384	8049
59197.788177	8471267950.000	5.305467	8049
59197.788189	8471267950.000	4.448124	8049
59197.788200	8471267950.000	3.107337	8049
59197.788212	8471267950.000	3.549187	8049
59197.788223	8471267950.000	3.546462	8049
59197.788235	8471267950.000	3.179668	8049
59197.788247	8471267950.000	3.454205	8049
59197.788258	8471267950.000	3.594693	8049
59197.788270	8471267950.000	4.373950	8049
59197.788281	8471267950.000	4.069678	8049
59197.788293	8471267950.000	4.127539	8049
59197.788304	8471267950.000	2.933411	8049
59197.788316	8471267950.000	3.780226	8049
59197.788328	8471267925.000	3.002100	8049
59197.788339	8471267950.000	3.716625	8049
59197.788351	8471267950.000	2.721171	8049
59197.788362	8471267950.000	3.910807	8049
59197.788374	8471267925.000	2.761976	8049
59197.788385	8471267950.000	2.661534	8049
59197.788397	8471267925.000	2.872652	8049
59197.788409	8471267925.000	3.137141	8049
59197.788420	8471267925.000	3.096847	8049
59197.788432	8471267950.000	3.266028	8049
59197.788455	8471267950.000	2.768222	8049
59197.788466	8471267925.000	3.710665	8049
59197.788478	8471267925.000	3.367516	8049
59197.788490	8471267925.000	3.623032	8049
59197.788501	8471267925.000	2.649629	8049
59197.788524	8471267925.000	3.216296	8049
59197.788536	8471267925.000	3.792948	8049
59197.788547	8471267925.000	3.701451	8049
59197.788571	8471267925.000	4.396721	8049
59197.788582	8471267925.000	2.862382	8049
59197.788594	8471267925.000	3.005958	8049
59197.788605	8471267925.000	3.062024	8049
59197.788617	8471267925.000	3.475029	8049
59197.788628	8471267925.000	2.477953	8049
59197.788640	8471267925.000	3.829848	8049
59197.788652	8471267925.000	3.400441	8049
59197.788663	8471267925.000	2.469385	8049
59197.788675	8471267925.000	2.784065	8049
59197.788686	8471267925.000	3.150207	8049
59197.788698	8471267925.000	3.623513	8049
59197.788709	8471267925.000	3.356582	8049
59197.788721	8471267925.000	2.814449	8049
59197.788733	8471267925.000	3.243165	8049
59197.788744	8471267925.000	2.637265	8049
59197.788756	8471267925.000	3.030902	8049
59197.788767	8471267925.000	3.104255	8049
59197.788791	8471267925.000	3.090207	8049
59197.788802	8471267900.000	2.504456	8049
59197.788814	8471267925.000	3.034085	8049
59197.788825	8471267900.000	3.059908	8049
59197.788837	8471267900.000	2.576669	8049
59197.788848	8471267900.000	2.747320	8049
59197.788872	8471267900.000	2.456553	8049
59197.788895	8471267900.000	3.223320	8049
59197.788906	8471267900.000	2.503056	8049
59197.788918	8471267900.000	3.387284	8049
59197.788941	8471267900.000	3.024899	8049
59197.788953	8471267900.000	3.263106	8049
59197.788964	8471267900.000	2.499921	8049
59197.788976	8471267900.000	2.915178	8049
59197.788987	8471267900.000	2.821801	8049
59197.788999	8471267900.000	3.868840	8049
59197.789010	8471267900.000	3.365765	8049
59197.789022	8471267900.000	2.565858	8049
59197.789034	8471267900.000	3.570397	8049
59197.789045	8471267900.000	3.474321	8049
59197.789057	8471267900.000	2.974067	8049
59197.789068	8471267900.000	2.760035	8049
59197.789080	8471267900.000	3.430497	8049
59197.789091	8471267900.000	3.647703	8049
59197.789103	8471267900.000	2.699895	8049
59197.789115	8471267900.000	2.980287	8049
59197.789138	8471267900.000	2.611435	8049
59197.789161	8471267900.000	3.381484	8049
59197.789172	8471267900.000	2.861789	8049
59197.789184	8471267875.000	2.543293	8049
59197.789207	8471267900.000	3.363060	8049
59197.789219	8471267900.000	2.568429	8049
59197.789230	8471267875.000	2.749037	8049
59197.789242	8471267900.000	2.636850	8049
59197.789277	8471267875.000	2.711225	8049
59197.789300	8471267875.000	2.742720	8049
59197.789311	8471267875.000	3.031679	8049
59197.789334	8471267875.000	2.878685	8049
59197.789346	8471267875.000	3.355366	8049
59197.789358	8471267875.000	2.831428	8049
59197.789369	8471267875.000	3.281877	8049
59197.789392	8471267875.000	2.545806	8049
59197.789416	8471267875.000	2.705741	8049
59197.789439	8471267875.000	2.926125	8049
59197.789450	8471267875.000	3.077327	8049
59197.789473	8471267875.000	2.817770	8049
59197.789485	8471267875.000	2.427827	8049
59197.789497	8471267875.000	2.693927	8049
59197.789520	8471267875.000	2.775778	8049
59197.789531	8471267875.000	3.099869	8049
59197.789578	8471267875.000	2.740230	8049
59197.789624	8471267875.000	3.136414	8049
59197.789647	8471267850.000	2.943477	8049
59197.789728	8471267850.000	2.570019	8049
59197.789740	8471267850.000	2.579251	8049
59197.789763	8471267850.000	2.612388	8049
59197.789797	8471267850.000	2.908999	8049
59197.789832	8471267850.000	2.778187	8049
59197.809346	8471266800.000	2.920452	8049
59197.809554	8471266800.000	3.060827	8049
59197.809578	8471266800.000	2.961854	8049
59197.809705	8471266775.000	3.031823	8049
59197.809844	8471266775.000	3.058059	8049
59197.809983	8471266775.000	2.753031	8049
59197.810260	8471266750.000	3.503764	8049
59197.810411	8471266750.000	3.059453	8049
59197.810434	8471266750.000	3.293104	8049
59197.810469	8471266750.000	3.165048	8049
59197.810584	8471266750.000	2.985548	8049
59197.810689	8471266750.000	2.877329	8049
59197.810943	8471266725.000	3.232094	8049
59197.811001	8471266725.000	3.256950	8049
59197.811013	8471266725.000	3.027610	8049
59197.811024	8471266725.000	3.023813	8049
59197.811476	8471266700.000	2.850439	8049
59197.811696	8471266675.000	2.935405	8049
59197.812159	8471266650.000	2.822382	8049
59197.812274	8471266650.000	2.970860	8049
59197.812471	8471266650.000	2.981336	8049
59197.812587	8471266650.000	3.106317	8049
59197.812633	8471266650.000	2.834794	8049
59197.812703	8471266650.000	2.875111	8049
59197.812726	8471266650.000	3.134944	8049
59197.812841	8471266625.000	2.902187	8049
59197.812853	8471266625.000	2.986270	8049
59197.812888	8471266625.000	2.939938	8049
59197.812899	8471266625.000	2.990341	8049
59197.812911	8471266625.000	3.263428	8049
59197.812922	8471266625.000	3.500132	8049
59197.812934	8471266625.000	3.035976	8049
59197.812946	8471266625.000	2.737789	8049
59197.812957	8471266625.000	3.121796	8049
59197.812969	8471266625.000	3.031905	8049
59197.812992	8471266625.000	2.812160	8049
59197.813003	8471266625.000	2.854270	8049
59197.813015	8471266625.000	3.077157	8049
59197.813027	8471266625.000	2.738363	8049
59197.813050	8471266625.000	2.935161	8049
59197.813061	8471266625.000	2.690170	8049
59197.813084	8471266625.000	3.212142	8049
59197.813119	8471266625.000	3.064986	8049
59197.813131	8471266625.000	2.796784	8049
59197.813142	8471266625.000	3.163721	8049
59197.813177	8471266625.000	3.226228	8049
59197.813212	8471266625.000	3.181159	8049
59197.813223	8471266625.000	3.131809	8049
59197.813247	8471266625.000	3.309680	8049
59197.813258	8471266625.000	2.988250	8049
59197.813270	8471266600.000	3.007532	8049
59197.813293	8471266600.000	3.146195	8049
59197.813304	8471266600.000	2.625028	8049
59197.813316	8471266600.000	2.873872	8049
59197.813328	8471266625.000	2.899063	8049
59197.813351	8471266600.000	3.858453	8049
59197.813362	8471266600.000	3.003190	8049
59197.813374	8471266600.000	2.886095	8049
59197.813385	8471266600.000	3.668513	8049
59197.813397	8471266600.000	3.130794	8049
59197.813409	8471266600.000	3.000772	8049
59197.813420	8471266600.000	3.776232	8049
59197.813432	8471266600.000	2.951872	8049
59197.813443	8471266600.000	3.506860	8049
59197.813455	8471266600.000	3.849679	8049
59197.813466	8471266600.000	3.090799	8049
59197.813478	8471266600.000	3.385633	8049
59197.813490	8471266600.000	3.459315	8049
59197.813501	8471266600.000	3.839209	8049
59197.813513	8471266600.000	5.013134	8049
59197.813524	8471266600.000	3.532930	8049
59197.813536	8471266600.000	3.932283	8049
59197.813547	8471266600.000	4.393882	8049
59197.813559	8471266600.000	3.144725	8049
59197.813571	8471266600.000	5.815160	8049
59197.813582	8471266600.000	3.419507	8049
59197.813594	8471266600.000	4.554661	8049
59197.813605	8471266600.000	2.698897	8049
59197.813617	8471266600.000	5.217992	8049
59197.813628	8471266600.000	3.366019	8049
59197.813640	8471266600.000	4.097819	8049
59197.813652	8471266600.000	2.945946	8049
59197.813663	8471266600.000	4.135720	8049
59197.813675	8471266600.000	4.929507	8049
59197.813686	8471266600.000	3.397261	8049
59197.813698	8471266600.000	4.740757	8049
59197.813709	8471266600.000	4.409220	8049
59197.813721	8471266575.000	4.179803	8049
59197.813733	8471266600.000	4.062029	8049
59197.813744	8471266600.000	4.237725	8049
59197.813756	8471266600.000	3.702511	8049
59197.813767	8471266600.000	3.706502	8049
59197.813779	8471266600.000	3.382903	8049
59197.813791	8471266600.000	3.963983	8049
59197.813802	8471266600.000	3.092013	8049
59197.813814	8471266600.000	3.330905	8049
59197.813825	8471266575.000	3.432780	8049
59197.813837	8471266575.000	2.882384	8049
59197.813848	8471266600.000	3.475576	8049
59197.813860	8471266575.000	4.794127	8049
59197.813872	8471266575.000	4.283117	8049
59197.813883	8471266575.000	3.847924	8049
59197.813895	8471266575.000	3.815223	8049
59197.813906	8471266575.000	5.355228	8049
59197.813918	8471266575.000	3.329878	8049
59197.813929	8471266575.000	5.059441	8049
59197.813941	8471266575.000	3.380896	8049
59197.813953	8471266575.000	3.936798	8049
59197.813964	8471266575.000	5.717999	8049
59197.813976	8471266575.000	4.395126	8049
59197.813987	8471266575.000	4.547967	8049
59197.813999	8471266575.000	4.493115	8049
59197.814010	8471266575.000	5.346475	8049
59197.814022	8471266575.000	5.920870	8049
59197.814034	8471266575.000	4.882024	8049
59197.814045	8471266575.000	4.670177	8049
59197.814057	8471266575.000	4.953196	8049
59197.814068	8471266575.000	4.280654	8049
59197.814080	8471266575.000	5.225975	8049
59197.814091	8471266575.000	5.226465	8049
59197.814103	8471266575.000	5.310754	8049
59197.814115	8471266575.000	5.985905	8049
59197.814126	8471266575.000	4.416098	8049
59197.814138	8471266575.000	4.671322	8049
59197.814149	8471266575.000	6.302670	8049
59197.814161	8471266575.000	4.982172	8049
59197.814172	8471266575.000	6.037120	8049
59197.814184	8471266575.000	4.655689	8049
59197.814196	8471266575.000	3.606797	8049
59197.814207	8471266575.000	5.277305	8049
59197.814219	8471266575.000	4.539798	8049
59197.814230	8471266575.000	4.695406	8049
59197.814242	8471266575.000	3.636683	8049
59197.814253	8471266575.000	4.818985	8049
59197.814265	8471266575.000	3.281123	8049
59197.814277	8471266575.000	4.943985	8049
59197.814288	8471266575.000	4.481842	8049
59197.814300	8471266575.000	3.484961	8049
59197.814311	8471266550.000	4.362862	8049
59197.814323	8471266575.000	3.803648	8049
59197.814334	8471266550.000	5.233221	8049
59197.814346	8471266550.000	4.369971	8049
59197.814358	8471266550.000	4.356552	8049
59197.814369	8471266550.000	3.774216	8049
59197.814381	8471266550.000	5.363683	8049
59197.814392	8471266550.000	4.101401	8049
59197.814404	8471266550.000	5.072413	8049
59197.814416	8471266550.000	5.683887	8049
59197.814427	8471266550.000	4.789567	8049
59197.814439	8471266550.000	5.133491	8049
59197.814450	8471266550.000	7.957954	8049
59197.814462	8471266550.000	5.168806	8049
59197.814473	8471266550.000	4.236256	8049
59197.814485	8471266550.000	4.472352	8049
59197.814497	8471266550.000	6.143846	8049
59197.814508	8471266550.000	6.191653	8049
59197.814520	8471266550.000	5.462020	8049
59197.814531	8471266550.000	6.206543	8049
59197.814543	8471266550.000	5.133347	8049
59197.814554	8471266550.000	5.757577	8049
59197.814566	8471266550.000	5.639040	8049
59197.814578	8471266550.000	5.059370	8049
59197.814589	8471266550.000	6.215175	8049
59197.814601	8471266550.000	4.689700	8049
59197.814612	8471266550.000	6.011559	8049
59197.814624	8471266550.000	5.958300	8049
59197.814635	8471266550.000	4.377973	8049
59197.814647	8471266550.000	6.180546	8049
59197.814659	8471266550.000	6.789509	8049
59197.814670	8471266550.000	5.833213	8049
59197.814682	8471266550.000	6.321066	8049
59197.814693	8471266550.000	5.142488	8049
59197.814705	8471266550.000	5.386634	8049
59197.814716	8471266550.000	5.452938	8049
59197.814728	8471266550.000	6.261569	8049
59197.814740	8471266550.000	4.276828	8049
59197.814751	8471266550.000	4.515056	8049
59197.814763	8471266550.000	5.178394	8049
59197.814774	8471266550.000	4.645635	8049
59197.814786	8471266550.000	5.165677	8049
59197.814797	8471266550.000	4.802598	8049
59197.814809	8471266550.000	6.042553	8049
59197.814821	8471266550.000	5.742070	8049
59197.814832	8471266550.000	4.988113	8049
59197.814844	8471266550.000	5.984824	8049
59197.814855	8471266525.000	5.088511	8049
59197.814867	8471266550.000	4.410549	8049
59197.814878	8471266525.000	5.460140	8049
59197.814890	8471266525.000	5.586103	8049
59197.814902	8471266525.000	4.772312	8049
59197.814913	8471266525.000	5.227336	8049
59197.814925	8471266525.000	5.132927	8049
59197.814936	8471266525.000	5.686845	8049
59197.814948	8471266525.000	6.292302	8049
59197.814959	8471266525.000	5.200032	8049
59197.814971	8471266525.000	5.187334	8049
59197.814983	8471266525.000	4.565367	8049
59197.814994	8471266525.000	4.962344	8049
59197.815006	8471266525.000	5.020610	8049
59197.815017	8471266525.000	5.630779	8049
59197.815029	8471266525.000	7.405079	8049
59197.815041	8471266525.000	6.173721	8049
59197.815052	8471266525.000	5.744750	8049
59197.815064	8471266525.000	5.443641	8049
59197.815075	8471266525.000	5.420871	8049
59197.815087	8471266525.000	6.277160	8049
59197.815098	8471266525.000	6.295414	8049
59197.815110	8471266525.000	5.711755	8049
59197.815122	8471266525.000	4.917833	8049
59197.815133	8471266525.000	8.249468	8049
59197.815145	8471266525.000	6.924302	8049
59197.815156	8471266525.000	5.637062	8049
59197.815168	8471266525.000	5.821798	8049
59197.815179	8471266525.000	5.933847	8049
59197.815191	8471266525.000	6.224468	8049
59197.815203	8471266525.000	6.978429	8049
59197.815214	8471266525.000	4.334137	8049
59197.815226	8471266525.000	5.807877	8049
59197.815237	8471266525.000	6.230002	8049
59197.815249	8471266525.000	5.429874	8049
59197.815260	8471266525.000	5.937031	8049
59197.815272	8471266525.000	5.566323	8049
59197.815284	8471266525.000	4.567730	8049
59197.815295	8471266525.000	6.625890	8049
59197.815307	8471266525.000	5.194196	8049
59197.815318	8471266525.000	4.876198	8049
59197.815330	8471266525.000	5.581174	8049
59197.815341	8471266525.000	5.074955	8049
59197.815353	8471266525.000	4.559044	8049
59197.815365	8471266500.000	5.352161	8049
59197.815376	8471266525.000	5.062469	8049
59197.815388	8471266500.000	4.915489	8049
59197.815399	8471266500.000	5.191136	8049
59197.815411	8471266500.000	3.813231	8049
59197.815422	8471266500.000	3.787701	8049
59197.815434	8471266500.000	6.146862	8049
59197.815446	8471266500.000	6.192412	8049
59197.815457	8471266500.000	6.246034	8049
59197.815469	8471266500.000	5.598115	8049
59197.815480	8471266500.000	4.791475	8049
59197.815492	8471266500.000	6.107679	8049
59197.815503	8471266500.000	6.038899	8049
59197.815515	8471266500.000	6.944115	8049
59197.815527	8471266500.000	6.504623	8049
59197.815538	8471266500.000	5.933489	8049
59197.815550	8471266500.000	4.744729	8049
59197.815561	8471266500.000	7.041542	8049
59197.815573	8471266500.000	5.239003	8049
59197.815584	8471266500.000	4.817068	8049
59197.815596	8471266500.000	7.175750	8049
59197.815608	8471266500.000	6.668150	8049
59197.815619	8471266500.000	7.211068	8049
59197.815631	8471266500.000	6.545381	8049
59197.815642	8471266500.000	6.672984	8049
59197.815654	8471266500.000	5.167616	8049
59197.815666	8471266500.000	5.976776	8049
59197.815677	8471266500.000	5.112614	8049
59197.815689	8471266500.000	5.805073	8049
59197.815700	8471266500.000	6.912577	8049
59197.815712	8471266500.000	5.122094	8049
59197.815723	8471266500.000	5.685705	8049
59197.815735	8471266500.000	5.134190	8049
59197.815747	8471266500.000	6.177297	8049
59197.815758	8471266500.000	6.142197	8049
59197.815770	8471266500.000	6.704211	8049
59197.815781	8471266500.000	6.154530	8049
59197.815793	8471266500.000	5.037346	8049
59197.815804	8471266500.000	5.146469	8049
59197.815816	8471266500.000	5.669802	8049
59197.815828	8471266500.000	5.641512	8049
59197.815839	8471266500.000	6.931671	8049
59197.815851	8471266500.000	5.450315	8049
59197.815862	8471266500.000	4.758503	8049
59197.815874	8471266500.000	5.179631	8049
59197.815885	8471266500.000	4.712013	8049
59197.815897	8471266500.000	5.532866	8049
59197.815909	8471266500.000	4.666997	8049
59197.815920	8471266475.000	5.640879	8049
59197.815932	8471266475.000	4.305258	8049
59197.815943	8471266475.000	5.339315	8049
59197.815955	8471266475.000	4.670209	8049
59197.815966	8471266475.000	6.041759	8049
59197.815978	8471266475.000	5.474311	8049
59197.815990	8471266475.000	5.406974	8049
59197.816001	8471266475.000	8.307488	8049
59197.816013	8471266475.000	4.684765	8049
59197.816024	8471266475.000	5.191405	8049
59197.816036	8471266475.000	4.629994	8049
59197.816047	8471266475.000	5.778796	8049
59197.816059	8471266475.000	4.860360	8049
59197.816071	8471266475.000	6.528997	8049
59197.816082	8471266475.000	4.381184	8049
59197.816094	8471266475.000	5.282644	8049
59197.816105	8471266475.000	6.916677	8049
59197.816117	8471266475.000	6.855776	8049
59197.816128	8471266475.000	5.706591	8049
59197.816140	8471266475.000	5.901479	8049
59197.816152	8471266475.000	5.458647	8049
59197.816163	8471266475.000	6.315485	8049
59197.816175	8471266475.000	5.162154	8049
59197.816186	8471266475.000	4.557099	8049
59197.816198	8471266475.000	5.855760	8049
59197.816209	8471266475.000	6.213530	8049
59197.816221	8471266475.000	5.534807	8049
59197.816233	8471266475.000	5.787719	8049
59197.816244	8471266475.000	8.150626	8049
59197.816256	8471266475.000	5.355502	8049
59197.816267	8471266475.000	5.376217	8049
59197.816279	8471266475.000	4.586761	8049
59197.816291	8471266475.000	6.433641	8049
59197.816302	8471266475.000	5.264368	8049
59197.816314	8471266475.000	4.943191	8049
59197.816325	8471266475.000	4.918183	8049
59197.816337	8471266475.000	5.457725	8049
59197.816348	8471266475.000	4.336620	8049
59197.816360	8471266475.000	5.166577	8049
59197.816372	8471266475.000	4.841516	8049
59197.816383	8471266475.000	5.949018	8049
59197.816395	8471266475.000	5.858167	8049
59197.816406	8471266475.000	4.588710	8049
59197.816418	8471266475.000	4.470077	8049
59197.816429	8471266475.000	4.473866	8049
59197.816441	8471266475.000	3.926337	8049
59197.816453	8471266450.000	4.232179	8049
59197.816464	8471266450.000	5.095362	8049
59197.816476	8471266450.000	5.696506	8049
59197.816487	8471266450.000	4.666212	8049
59197.816499	8471266475.000	4.426723	8049
59197.816510	8471266450.000	4.823715	8049
59197.816522	8471266450.000	4.894714	8049
59197.816534	8471266450.000	5.261691	8049
59197.816545	8471266450.000	4.192038	8049
59197.816557	8471266450.000	5.866866	8049
59197.816568	8471266450.000	3.744161	8049
59197.816580	8471266450.000	5.222123	8049
59197.816591	8471266450.000	4.004344	8049
59197.816603	8471266450.000	5.516944	8049
59197.816615	8471266450.000	5.018490	8049
59197.816626	8471266450.000	6.491393	8049
59197.816638	8471266450.000	5.669973	8049
59197.816649	8471266450.000	5.040796	8049
59197.816661	8471266450.000	6.294353	8049
59197.816672	8471266450.000	5.010127	8049
59197.816684	8471266450.000	5.253688	8049
59197.816696	8471266450.000	6.173086	8049
59197.816707	8471266450.000	4.540168	8049
59197.816719	8471266450.000	4.763451	8049
59197.816730	8471266450.000	6.171541	8049
59197.816742	8471266450.000	6.051583	8049
59197.816753	8471266450.000	5.834100	8049
59197.816765	8471266450.000	5.543023	8049
59197.816777	8471266450.000	5.541217	8049
59197.816788	8471266450.000	4.726298	8049
59197.816800	8471266450.000	4.785875	8049
59197.816811	8471266450.000	4.681745	8049
59197.816823	8471266450.000	4.777452	8049
59197.816834	8471266450.000	5.491616	8049
59197.816846	8471266450.000	5.124061	8049
59197.816858	8471266450.000	4.767296	8049
59197.816869	8471266450.000	5.176455	8049
59197.816881	8471266450.000	4.623485	8049
59197.816892	8471266450.000	5.889049	8049
59197.816904	8471266450.000	5.570791	8049
59197.816916	8471266450.000	4.193707	8049
59197.816927	8471266450.000	5.177755	8049
59197.816939	8471266425.000	3.537308	8049
59197.816950	8471266450.000	4.350148	8049
59197.816962	8471266450.000	3.052305	8049
59197.816973	8471266450.000	4.051785	8049
59197.816985	8471266425.000	3.307332	8049
59197.816997	8471266450.000	4.504244	8049
59197.817008	8471266425.000	4.294956	8049
59197.817020	8471266425.000	5.333214	8049
59197.817031	8471266425.000	4.589413	8049
59197.817043	8471266425.000	3.619704	8049
59197.817054	8471266425.000	4.323340	8049
59197.817066	8471266425.000	3.894582	8049
59197.817078	8471266425.000	5.226057	8049
59197.817089	8471266425.000	4.922405	8049
59197.817101	8471266425.000	4.296779	8049
59197.817112	8471266425.000	4.182534	8049
59197.817124	8471266425.000	4.391470	8049
59197.817135	8471266425.000	4.852289	8049
59197.817147	8471266425.000	5.003500	8049
59197.817159	8471266425.000	4.779288	8049
59197.817170	8471266425.000	4.340920	8049
59197.817182	8471266425.000	4.763846	8049
59197.817193	8471266425.000	4.441959	8049
59197.817205	8471266425.000	3.961014	8049
59197.817216	8471266425.000	5.337957	8049
59197.817228	8471266425.000	4.452782	8049
59197.817240	8471266425.000	5.217701	8049
59197.817251	8471266425.000	4.966897	8049
59197.817263	8471266425.000	4.536777	8049
59197.817274	8471266425.000	5.068062	8049
59197.817286	8471266425.000	4.949783	8049
59197.817297	8471266425.000	5.280306	8049
59197.817309	8471266425.000	3.482263	8049
59197.817332	8471266425.000	3.886410	8049
59197.817344	8471266425.000	4.259112	8049
59197.817355	8471266425.000	2.522593	8049
59197.817367	8471266425.000	2.222333	8049
59197.817378	8471266425.000	4.040669	8049
59197.817390	8471266425.000	5.164395	8049
59197.817402	8471266425.000	4.977707	8049
59197.817413	8471266425.000	4.494431	8049
59197.817425	8471266425.000	3.075571	8049
59197.817436	8471266425.000	4.374051	8049
59197.817448	8471266425.000	4.208208	8049
59197.817459	8471266425.000	3.166753	8049
59197.817471	8471266425.000	3.573340	8049
59197.817483	8471266400.000	3.866005	8049
59197.817494	8471266425.000	3.036142	8049
59197.817506	8471266425.000	2.979407	8049
59197.817517	8471266425.000	3.417203	8049
59197.817529	8471266400.000	4.092488	8049
59197.817541	8471266400.000	3.528600	8049
59197.817552	8471266400.000	3.421673	8049
59197.817564	8471266400.000	3.594918	8049
59197.817575	8471266400.000	3.353630	8049
59197.817587	8471266400.000	4.549902	8049
59197.817598	8471266400.000	2.854308	8049
59197.817610	8471266400.000	2.722309	8049
59197.817622	8471266400.000	4.139049	8049
59197.817633	8471266400.000	3.565801	8049
59197.817645	8471266400.000	3.478514	8049
59197.817656	8471266400.000	3.360669	8049
59197.817668	8471266400.000	3.681193	8049
59197.817679	8471266400.000	3.943382	8049
59197.817691	8471266400.000	4.258443	8049
59197.817703	8471266400.000	3.862684	8049
59197.817714	8471266400.000	4.628091	8049
59197.817726	8471266400.000	3.825032	8049
59197.817737	8471266400.000	3.280399	8049
59197.817749	8471266400.000	3.437469	8049
59197.817760	8471266400.000	4.050428	8049
59197.817772	8471266400.000	3.631914	8049
59197.817784	8471266400.000	3.970140	8049
59197.817795	8471266400.000	3.537334	8049
59197.817807	8471266400.000	4.934668	8049
59197.817818	8471266400.000	4.467459	8049
59197.817830	8471266400.000	4.317837	8049
59197.817841	8471266400.000	2.646929	8049
59197.817853	8471266400.000	3.829808	8049
59197.817865	8471266400.000	3.522453	8049
59197.817876	8471266400.000	2.636179	8049
59197.817899	8471266400.000	3.115621	8049
59197.817911	8471266400.000	3.230688	8049
59197.817922	8471266400.000	4.024729	8049
59197.817934	8471266400.000	2.904282	8049
59197.817946	8471266400.000	3.333494	8049
59197.817957	8471266400.000	2.936615	8049
59197.817969	8471266400.000	2.738824	8049
59197.817980	8471266400.000	2.840098	8049
59197.818015	8471266400.000	2.996331	8049
59197.818027	8471266400.000	3.705255	8049
59197.818050	8471266375.000	2.897611	8049
59197.818073	8471266375.000	2.728212	8049
59197.818084	8471266375.000	3.437770	8049
59197.818119	8471266375.000	2.873237	8049
59197.818142	8471266375.000	2.863361	8049
59197.818166	8471266375.000	3.150720	8049
59197.818189	8471266375.000	2.958207	8049
59197.818200	8471266375.000	2.573223	8049
59197.818212	8471266375.000	2.735899	8049
59197.818223	8471266375.000	2.703499	8049
59197.818235	8471266375.000	2.775191	8049
59197.818247	8471266375.000	3.360989	8049
59197.818258	8471266375.000	2.907473	8049
59197.818270	8471266375.000	3.726344	8049
59197.818304	8471266375.000	2.882309	8049
59197.818316	8471266375.000	3.158099	8049
59197.818328	8471266375.000	2.719517	8049
59197.818339	8471266375.000	2.796480	8049
59197.818351	8471266375.000	2.741747	8049
59197.818362	8471266375.000	2.777381	8049
59197.818374	8471266375.000	3.181926	8049
59197.818385	8471266375.000	4.120280	8049
59197.818397	8471266375.000	2.847801	8049
59197.818443	8471266375.000	2.923241	8049
59197.818501	8471266375.000	3.244836	8049
59197.818513	8471266375.000	2.755692	8049
59197.818547	8471266375.000	2.707859	8049
59197.818628	8471266375.000	3.073758	8049
59197.818640	8471266375.000	2.921311	8049
59197.818698	8471266350.000	2.661803	8049
59197.818709	8471266350.000	2.748598	8049
59197.818814	8471266350.000	3.349947	8049
59197.818929	8471266350.000	3.257746	8049
59197.818953	8471266350.000	2.890898	8049
59197.819010	8471266350.000	2.762762	8049
59197.819126	8471266350.000	2.770121	8049
59197.819311	8471266325.000	2.659839	8049
59197.819427	8471266325.000	2.793200	8049
59197.819439	8471266325.000	2.830418	8049
59197.819450	8471266325.000	2.904138	8049
59197.819925	8471266300.000	2.899243	8049
59197.820503	8471266275.000	2.669151	8049
59197.820538	8471266275.000	2.840973	8049
59197.821001	8471266250.000	2.889025	8049
59197.821510	8471266225.000	3.106025	8049
59197.821672	8471266225.000	2.711800	8049
