59202.638786 8471220540.000000 1.363943 8049
59202.638902 8471220540.000000 1.381413 8049
59202.639018 8471220530.000000 1.613748 8049
59202.639134 8471220530.000000 1.157294 8049
59202.639249 8471220520.000000 1.609954 8049
59202.639365 8471220510.000000 1.438330 8049
59202.639481 8471220510.000000 1.316719 8049
59202.639597 8471220500.000000 1.630878 8049
59202.639712 8471220490.000000 1.311514 8049
59202.639828 8471220490.000000 1.611709 8049
59202.639944 8471220480.000000 1.395621 8049
59202.640059 8471220480.000000 1.494110 8049
59202.640175 8471220470.000000 1.618629 8049
59202.640291 8471220460.000000 1.277743 8049
59202.640407 8471220460.000000 1.548463 8049
59202.640522 8471220450.000000 1.432341 8049
59202.640638 8471220450.000000 1.356866 8049
59202.640754 8471220440.000000 1.616349 8049
59202.640870 8471220440.000000 1.132823 8049
59202.640985 8471220430.000000 1.496611 8049
59202.641101 8471220420.000000 1.509220 8049
59202.641217 8471220420.000000 1.406316 8049
59202.641333 8471220410.000000 1.595751 8049
59202.641448 8471220400.000000 1.214555 8049
59202.641564 8471220400.000000 1.474694 8049
59202.641680 8471220390.000000 1.453980 8049
59202.641796 8471220390.000000 1.319290 8049
59202.641911 8471220380.000000 1.559686 8049
59202.642027 8471220380.000000 1.121685 8049
59202.642143 8471220370.000000 1.583108 8049
59202.642259 8471220360.000000 1.388071 8049
59202.642374 8471220360.000000 1.296577 8049
59202.642490 8471220350.000000 1.590066 8049
59202.642606 8471220340.000000 1.262787 8049
59202.642722 8471220340.000000 1.560822 8049
59202.642837 8471220330.000000 1.487860 8049
59202.642953 8471220330.000000 1.165015 8049
59202.643069 8471220320.000000 1.553683 8049
59202.643184 8471220310.000000 1.286792 8049
59202.643300 8471220310.000000 1.472290 8049
59202.643416 8471220300.000000 1.506640 8049
59202.643532 8471220300.000000 1.290156 8049
59202.643647 8471220290.000000 1.551887 8049
59202.643763 8471220280.000000 1.417470 8049
59202.643879 8471220280.000000 1.346624 8049
59202.643995 8471220270.000000 1.578072 8049
59202.644110 8471220260.000000 1.107602 8049
59202.644226 8471220260.000000 1.599805 8049
59202.644342 8471220250.000000 1.426525 8049
59202.644458 8471220250.000000 1.362344 8049
59202.644573 8471220240.000000 1.576942 8049
59202.644689 8471220230.000000 1.276829 8049
59202.644805 8471220230.000000 1.539295 8049
59202.644921 8471220220.000000 1.339790 8049
59202.645036 8471220220.000000 1.387217 8049
59202.645152 8471220210.000000 1.550489 8049
59202.645268 8471220210.000000 1.220068 8049
59202.645384 8471220200.000000 1.568094 8049
59202.645499 8471220190.000000 1.448673 8049
59202.645615 8471220190.000000 1.336711 8049
59202.645731 8471220180.000000 1.569553 8049
59202.645847 8471220170.000000 1.163291 8049
59202.645962 8471220170.000000 1.543785 8049
59202.646078 8471220160.000000 1.428256 8049
59202.646194 8471220160.000000 1.193174 8049
59202.646309 8471220150.000000 1.554303 8049
59202.646425 8471220140.000000 1.269683 8049
59202.646541 8471220140.000000 1.526203 8049
59202.646657 8471220130.000000 1.427683 8049
59202.646772 8471220130.000000 1.270078 8049
59202.646888 8471220120.000000 1.542619 8049
59202.647004 8471220110.000000 1.294376 8049
59202.647120 8471220110.000000 1.370788 8049
59202.647235 8471220100.000000 1.518767 8049
59202.647351 8471220100.000000 1.275404 8049
59202.647467 8471220090.000000 1.563843 8049
59202.647583 8471220080.000000 1.311747 8049
59202.647698 8471220080.000000 1.375604 8049
59202.647814 8471220070.000000 1.521755 8049
59202.647930 8471220060.000000 1.169112 8049
59202.648046 8471220060.000000 1.467949 8049
59202.648161 8471220050.000000 1.524803 8049
59202.648277 8471220050.000000 1.101187 8049
59202.648393 8471220040.000000 1.564708 8049
59202.648509 8471220030.000000 1.276353 8049
59202.648624 8471220030.000000 1.388422 8049
59202.648740 8471220020.000000 1.355827 8049
59202.648856 8471220020.000000 1.381891 8049
59202.648972 8471220010.000000 1.453511 8049
59202.649087 8471220000.000000 1.130575 8049
59202.649203 8471220000.000000 1.430883 8049
59202.649319 8471219990.000000 1.484988 8049
59202.649434 8471219990.000000 1.165688 8049
59202.649550 8471219980.000000 1.411236 8049
59202.649666 8471219970.000000 1.411055 8049
59202.649782 8471219970.000000 1.406469 8049
59202.649897 8471219960.000000 1.440114 8049
59202.650013 8471219950.000000 1.060260 8049
59202.650129 8471219950.000000 1.455216 8049
59202.650245 8471219940.000000 1.368845 8049
59202.650360 8471219940.000000 1.303239 8049
59202.650476 8471219930.000000 1.498654 8049
59202.650592 8471219920.000000 1.297068 8049
59202.650708 8471219920.000000 1.452417 8049
59202.650823 8471219910.000000 1.375907 8049
59202.650939 8471219910.000000 1.159353 8049
59202.651055 8471219900.000000 1.436506 8049
59202.651171 8471219890.000000 1.409540 8049
59202.651286 8471219890.000000 1.321667 8049
59202.651402 8471219880.000000 1.493038 8049
59202.651518 8471219870.000000 1.153046 8049
59202.651634 8471219870.000000 1.435697 8049
59202.651749 8471219860.000000 1.395416 8049
59202.651865 8471219860.000000 1.386039 8049
59202.651981 8471219850.000000 1.454514 8049
59202.652097 8471219840.000000 1.158816 8049
59202.652212 8471219840.000000 1.461605 8049
59202.652328 8471219830.000000 1.399711 8049
59202.652444 8471219830.000000 1.339895 8049
59202.652559 8471219820.000000 1.491222 8049
59202.652675 8471219810.000000 1.143808 8049
59202.652791 8471219810.000000 1.457958 8049
59202.652907 8471219800.000000 1.366173 8049
59202.653022 8471219800.000000 1.091621 8049
59202.653138 8471219790.000000 1.500947 8049
59202.653254 8471219780.000000 1.126537 8049
59202.653370 8471219780.000000 1.366156 8049
59202.653485 8471219770.000000 1.443618 8049
59202.653601 8471219760.000000 1.113249 8049
59202.653717 8471219760.000000 1.464001 8049
59202.653833 8471219750.000000 1.325519 8049
59202.653948 8471219750.000000 1.237999 8049
59202.654064 8471219740.000000 1.456794 8049
59202.654180 8471219730.000000 1.119786 8049
59202.654296 8471219730.000000 1.486328 8049
59202.654411 8471219720.000000 1.166579 8049
59202.654527 8471219720.000000 1.336832 8049
59202.654643 8471219710.000000 1.450260 8049
59202.654759 8471219700.000000 1.067465 8049
59202.654874 8471219700.000000 1.311508 8049
59202.654990 8471219690.000000 1.449682 8049
59202.655106 8471219690.000000 1.139263 8049
59202.655222 8471219680.000000 1.436180 8049
59202.655337 8471219670.000000 1.313661 8049
59202.655453 8471219670.000000 1.253033 8049
59202.655569 8471219660.000000 1.387546 8049
59202.655684 8471219660.000000 1.123101 8049
59202.655800 8471219650.000000 1.442600 8049
59202.655916 8471219640.000000 1.216505 8049
59202.656032 8471219640.000000 1.291579 8049
59202.656147 8471219630.000000 1.432864 8049
59202.656263 8471219620.000000 1.099468 8049
59202.656379 8471219620.000000 1.417754 8049
59202.656495 8471219610.000000 1.369805 8049
59202.656610 8471219610.000000 1.222748 8049
59202.656726 8471219600.000000 1.449647 8049
59202.656842 8471219590.000000 1.023092 8049
59202.656958 8471219590.000000 1.350376 8049
59202.657073 8471219580.000000 1.324379 8049
59202.657189 8471219580.000000 1.145354 8049
59202.657305 8471219570.000000 1.451526 8049
59202.657421 8471219560.000000 1.087734 8049
59202.657536 8471219560.000000 1.279262 8049
59202.657652 8471219550.000000 1.438609 8049
59202.657768 8471219540.000000 1.064799 8049
59202.657884 8471219540.000000 1.380126 8049
59202.657999 8471219530.000000 1.369355 8049
59202.658115 8471219530.000000 1.213289 8049
59202.658231 8471219520.000000 1.418955 8049
59202.658347 8471219510.000000 1.282086 8049
59202.658462 8471219510.000000 1.298154 8049
59202.658578 8471219500.000000 1.379375 8049
59202.658694 8471219500.000000 1.057970 8049
59202.658809 8471219490.000000 1.416287 8049
59202.658925 8471219480.000000 1.196654 8049
59202.659041 8471219480.000000 1.306665 8049
59202.659157 8471219470.000000 1.350191 8049
59202.659272 8471219470.000000 1.008257 8049
59202.659388 8471219460.000000 1.336637 8049
59202.659504 8471219450.000000 1.358057 8049
59202.659620 8471219450.000000 1.060203 8049
59202.659735 8471219440.000000 1.400814 8049
59202.659851 8471219430.000000 1.215175 8049
59202.659967 8471219430.000000 1.276608 8049
59202.660083 8471219420.000000 1.355920 8049
59202.660198 8471219420.000000 1.012684 8049
59202.660314 8471219410.000000 1.386437 8049
59202.660430 8471219400.000000 1.297469 8049
59202.660546 8471219400.000000 1.054031 8049
59202.660661 8471219390.000000 1.430243 8049
59202.660777 8471219380.000000 1.121974 8049
59202.660893 8471219380.000000 1.330409 8049
59202.661009 8471219370.000000 1.336986 8049
59202.661124 8471219370.000000 0.989373 8049
59202.661240 8471219360.000000 1.392266 8049
59202.661356 8471219350.000000 1.215926 8049
59202.661472 8471219350.000000 1.086198 8049
59202.661587 8471219340.000000 1.425108 8049
59202.661703 8471219330.000000 1.097636 8049
59202.661819 8471219330.000000 1.281194 8049
59202.661934 8471219320.000000 1.340390 8049
59202.662050 8471219320.000000 0.995093 8049
59202.662166 8471219310.000000 1.359916 8049
59202.662282 8471219300.000000 1.288078 8049
59202.662397 8471219300.000000 1.085293 8049
59202.662513 8471219290.000000 1.403528 8049
59202.662629 8471219280.000000 1.063734 8049
59202.662745 8471219280.000000 1.295504 8049
59202.662860 8471219270.000000 1.285090 8049
59202.662976 8471219270.000000 1.130000 8049
59202.663092 8471219260.000000 1.367905 8049
59202.663208 8471219250.000000 1.179871 8049
59202.663323 8471219250.000000 1.197945 8049
59202.663439 8471219240.000000 1.306760 8049
59202.663555 8471219230.000000 0.999238 8049
59202.663671 8471219230.000000 1.273914 8049
59202.663786 8471219220.000000 1.284437 8049
59202.663902 8471219220.000000 1.069825 8049
59202.664018 8471219210.000000 1.309699 8049
59202.664134 8471219200.000000 1.139280 8049
59202.664249 8471219200.000000 1.139675 8049
59202.664365 8471219190.000000 1.295835 8049
59202.664481 8471219180.000000 0.938358 8049
59202.664597 8471219180.000000 1.244622 8049
59202.664712 8471219170.000000 1.199880 8049
59202.664828 8471219170.000000 0.994155 8049
59202.664944 8471219160.000000 1.289991 8049
59202.665059 8471219150.000000 1.054495 8049
59202.665175 8471219150.000000 1.151138 8049
59202.665291 8471219140.000000 1.271632 8049
59202.665407 8471219140.000000 0.951491 8049
59202.665522 8471219130.000000 1.267861 8049
59202.665638 8471219120.000000 1.120587 8049
59202.665754 8471219120.000000 1.145932 8049
59202.665870 8471219110.000000 1.263689 8049
59202.665985 8471219100.000000 0.892210 8049
59202.666101 8471219100.000000 1.207120 8049
59202.666217 8471219090.000000 1.205297 8049
59202.666333 8471219080.000000 0.879923 8049
59202.666448 8471219080.000000 1.247849 8049
59202.666564 8471219070.000000 1.132976 8049
59202.666680 8471219070.000000 1.041782 8049
59202.666796 8471219060.000000 1.270159 8049
59202.666911 8471219050.000000 1.052864 8049
59202.667027 8471219050.000000 1.136208 8049
59202.667143 8471219040.000000 1.230089 8049
59202.667259 8471219030.000000 0.907713 8049
59202.667374 8471219030.000000 1.225277 8049
59202.667490 8471219020.000000 1.104653 8049
59202.667606 8471219020.000000 1.086913 8049
59202.667722 8471219010.000000 1.188392 8049
59202.667837 8471219000.000000 0.964690 8049
59202.667953 8471219000.000000 1.188305 8049
59202.668069 8471218990.000000 1.143806 8049
59202.668185 8471218990.000000 0.912110 8049
59202.668300 8471218980.000000 1.178384 8049
59202.668416 8471218970.000000 1.143777 8049
59202.668532 8471218970.000000 0.953448 8049
59202.668647 8471218960.000000 1.217159 8049
59202.668763 8471218950.000000 0.987576 8049
59202.668879 8471218950.000000 1.091793 8049
59202.668995 8471218940.000000 1.148754 8049
59202.669110 8471218940.000000 0.883899 8049
59202.669226 8471218930.000000 1.168425 8049
59202.669342 8471218920.000000 1.114446 8049
59202.669458 8471218920.000000 0.969540 8049
59202.669573 8471218910.000000 1.188853 8049
59202.669689 8471218900.000000 1.116463 8049
59202.669805 8471218900.000000 1.028172 8049
59202.669921 8471218890.000000 1.194289 8049
59202.670036 8471218880.000000 0.931534 8049
59202.670152 8471218880.000000 1.048026 8049
59202.670268 8471218870.000000 1.191712 8049
59202.670384 8471218860.000000 0.874434 8049
59202.670499 8471218860.000000 1.157045 8049
59202.670615 8471218850.000000 1.076064 8049
59202.670731 8471218850.000000 0.935673 8049
59202.670847 8471218840.000000 1.164810 8049
59202.670962 8471218830.000000 0.937704 8049
59202.671078 8471218830.000000 1.070967 8049
59202.671194 8471218820.000000 1.120000 8049
59202.671309 8471218810.000000 0.926770 8049
59202.671425 8471218810.000000 1.086446 8049
59202.671541 8471218800.000000 1.136382 8049
59202.671657 8471218790.000000 0.861114 8049
59202.671772 8471218790.000000 1.077323 8049
59202.671888 8471218780.000000 1.106156 8049
59202.672004 8471218780.000000 0.839567 8049
59202.672120 8471218770.000000 1.084880 8049
59202.672235 8471218760.000000 1.105183 8049
59202.672351 8471218760.000000 0.919722 8049
59202.672467 8471218750.000000 0.966913 8049
59202.672583 8471218740.000000 0.747933 8049
59202.672698 8471218740.000000 0.874319 8049
59202.672814 8471218730.000000 0.963506 8049
59202.672930 8471218730.000000 0.730403 8049
59202.673046 8471218720.000000 0.984415 8049
59202.673161 8471218710.000000 0.679474 8049
59202.673277 8471218710.000000 0.508446 8049
59202.673393 8471218700.000000 0.658317 8049
59202.673509 8471218690.000000 0.554474 8049
59202.673624 8471218690.000000 0.622162 8049
59202.673740 8471218680.000000 0.920028 8049
59202.673856 8471218680.000000 0.802644 8049
59202.673971 8471218670.000000 1.027588 8049
59202.674087 8471218660.000000 1.023122 8049
59202.674203 8471218660.000000 0.712485 8049
59202.674319 8471218650.000000 0.991946 8049
59202.674434 8471218640.000000 0.583266 8049
59202.674550 8471218640.000000 0.536570 8049
59202.674666 8471218630.000000 0.653779 8049
59202.674782 8471218620.000000 0.549393 8049
59202.674897 8471218620.000000 0.953762 8049
59202.675013 8471218610.000000 0.935421 8049
59202.675129 8471218600.000000 0.759409 8049
59202.675245 8471218600.000000 0.928573 8049
59202.675360 8471218590.000000 0.910569 8049
59202.675476 8471218590.000000 0.800739 8049
59202.675592 8471218580.000000 0.953166 8049
59202.675708 8471218570.000000 0.827197 8049
59202.675823 8471218570.000000 0.753609 8049
59202.675939 8471218560.000000 0.956349 8049
59202.676055 8471218550.000000 0.850051 8049
59202.676171 8471218550.000000 0.825101 8049
59202.676286 8471218540.000000 0.961789 8049
59202.676402 8471218530.000000 0.723043 8049
59202.676518 8471218530.000000 0.898715 8049
59202.676634 8471218520.000000 0.947149 8049
59202.676749 8471218520.000000 0.680051 8049
59202.676865 8471218510.000000 0.950242 8049
59202.676981 8471218500.000000 0.868771 8049
59202.677097 8471218500.000000 0.786379 8049
59202.677212 8471218490.000000 0.922288 8049
59202.677328 8471218480.000000 0.713878 8049
59202.677444 8471218480.000000 0.840199 8049
59202.677559 8471218470.000000 0.944603 8049
59202.677675 8471218460.000000 0.700153 8049
59202.677791 8471218460.000000 0.897821 8049
59202.677907 8471218450.000000 0.863053 8049
59202.678022 8471218450.000000 0.710451 8049
59202.678138 8471218440.000000 0.933281 8049
59202.678254 8471218430.000000 0.839199 8049
59202.678370 8471218430.000000 0.732619 8049
59202.678485 8471218420.000000 0.923208 8049
59202.678601 8471218410.000000 0.747659 8049
59202.678717 8471218410.000000 0.791214 8049
59202.678833 8471218400.000000 0.924267 8049
59202.678948 8471218390.000000 0.767085 8049
59202.679064 8471218390.000000 0.793832 8049
59202.679180 8471218380.000000 0.913467 8049
59202.679296 8471218370.000000 0.752986 8049
59202.679411 8471218370.000000 0.860421 8049
59202.679527 8471218360.000000 0.887519 8049
59202.679643 8471218360.000000 0.766717 8049
59202.679759 8471218350.000000 0.868887 8049
59202.679874 8471218340.000000 0.801253 8049
59202.679990 8471218340.000000 0.846796 8049
59202.680106 8471218330.000000 0.894358 8049
59202.680222 8471218330.000000 0.631621 8049
59202.680337 8471218320.000000 0.897687 8049
59202.680453 8471218310.000000 0.856734 8049
59202.680569 8471218300.000000 0.651675 8049
59202.680684 8471218300.000000 0.813176 8049
59202.680800 8471218290.000000 0.883669 8049
59202.680916 8471218290.000000 0.734436 8049
59202.681032 8471218280.000000 0.893886 8049
59202.681147 8471218270.000000 0.745857 8049
59202.681263 8471218270.000000 0.795018 8049
59202.681379 8471218260.000000 0.885492 8049
59202.681495 8471218250.000000 0.722545 8049
59202.681610 8471218250.000000 0.821974 8049
59202.681726 8471218240.000000 0.892686 8049
59202.681842 8471218230.000000 0.675361 8049
59202.681958 8471218230.000000 0.853261 8049
59202.682073 8471218220.000000 0.866835 8049
59202.682189 8471218210.000000 0.641160 8049
59202.682305 8471218210.000000 0.828473 8049
59202.682421 8471218200.000000 0.825696 8049
59202.682536 8471218200.000000 0.696962 8049
59202.682652 8471218190.000000 0.870116 8049
59202.682768 8471218180.000000 0.713208 8049
59202.682884 8471218180.000000 0.798772 8049
59202.682999 8471218170.000000 0.838170 8049
59202.683115 8471218160.000000 0.610732 8049
59202.683231 8471218160.000000 0.752661 8049
59202.683347 8471218150.000000 0.833991 8049
59202.683462 8471218140.000000 0.645544 8049
59202.683578 8471218140.000000 0.765817 8049
59202.683694 8471218130.000000 0.833336 8049
59202.683810 8471218120.000000 0.659099 8049
59202.683925 8471218120.000000 0.706624 8049
59202.684041 8471218110.000000 0.834486 8049
59202.684157 8471218100.000000 0.630850 8049
59202.684272 8471218100.000000 0.789054 8049
59202.684388 8471218090.000000 0.759022 8049
59202.684504 8471218090.000000 0.704053 8049
59202.684620 8471218080.000000 0.821783 8049
59202.684735 8471218070.000000 0.663388 8049
59202.684851 8471218070.000000 0.770907 8049
59202.684967 8471218060.000000 0.769584 8049
59202.685083 8471218060.000000 0.636733 8049
59202.685198 8471218050.000000 0.767887 8049
59202.685314 8471218040.000000 0.745721 8049
59202.685430 8471218040.000000 0.567552 8049
59202.685546 8471218030.000000 0.784655 8049
59202.685661 8471218020.000000 0.737381 8049
59202.685777 8471218020.000000 0.612046 8049
59202.685893 8471218010.000000 0.764603 8049
59202.686009 8471218000.000000 0.724108 8049
59202.686124 8471218000.000000 0.583213 8049
59202.686240 8471217990.000000 0.761551 8049
59202.686356 8471217980.000000 0.665502 8049
59202.686472 8471217980.000000 0.574053 8049
59202.686587 8471217970.000000 0.761546 8049
59202.686703 8471217960.000000 0.656915 8049
59202.686819 8471217960.000000 0.682102 8049
59202.686934 8471217950.000000 0.749102 8049
59202.687050 8471217940.000000 0.619762 8049
59202.687166 8471217940.000000 0.641092 8049
59202.687282 8471217930.000000 0.741414 8049
59202.687397 8471217920.000000 0.583411 8049
59202.687513 8471217920.000000 0.733973 8049
59202.687629 8471217910.000000 0.699286 8049
59202.687745 8471217900.000000 0.556813 8049
59202.687860 8471217900.000000 0.736234 8049
59202.687976 8471217890.000000 0.673508 8049
59202.688092 8471217890.000000 0.566525 8049
59202.688208 8471217880.000000 0.738289 8049
59202.688323 8471217870.000000 0.635222 8049
59202.688439 8471217870.000000 0.635885 8049
59202.688555 8471217860.000000 0.714450 8049
59202.688671 8471217850.000000 0.583482 8049
59202.688786 8471217850.000000 0.647348 8049
59202.688902 8471217840.000000 0.701121 8049
59202.689018 8471217830.000000 0.554180 8049
59202.689134 8471217830.000000 0.648213 8049
59202.689249 8471217820.000000 0.690943 8049
59202.689365 8471217810.000000 0.510290 8049
59202.689481 8471217810.000000 0.655214 8049
59202.689596 8471217800.000000 0.666267 8049
59202.689712 8471217790.000000 0.497422 8049
59202.689828 8471217790.000000 0.684491 8049
59202.689944 8471217780.000000 0.670936 8049
59202.690059 8471217780.000000 0.523847 8049
59202.690175 8471217770.000000 0.686011 8049
59202.690291 8471217760.000000 0.584323 8049
59202.690407 8471217760.000000 0.612423 8049
59202.690522 8471217750.000000 0.658937 8049
59202.690638 8471217740.000000 0.550104 8049
59202.690754 8471217740.000000 0.603899 8049
59202.690870 8471217730.000000 0.654896 8049
59202.690985 8471217720.000000 0.512569 8049
59202.691101 8471217720.000000 0.667161 8049
59202.691217 8471217710.000000 0.598594 8049
59202.691333 8471217710.000000 0.497505 8049
59202.691448 8471217700.000000 0.644808 8049
59202.691564 8471217690.000000 0.564486 8049
59202.691680 8471217690.000000 0.568051 8049
59202.691796 8471217680.000000 0.641523 8049
59202.691911 8471217670.000000 0.581047 8049
59202.692027 8471217670.000000 0.545801 8049
59202.692143 8471217660.000000 0.624882 8049
59202.692259 8471217660.000000 0.481244 8049
59202.692374 8471217650.000000 0.601671 8049
59202.692490 8471217640.000000 0.591967 8049
59202.692606 8471217640.000000 0.466651 8049
59202.692722 8471217630.000000 0.618135 8049
59202.692837 8471217620.000000 0.580586 8049
59202.692953 8471217620.000000 0.551543 8049
59202.693069 8471217610.000000 0.614514 8049
59202.693184 8471217600.000000 0.496883 8049
59202.693300 8471217600.000000 0.589990 8049
59202.693416 8471217590.000000 0.597912 8049
59202.693532 8471217580.000000 0.465162 8049
59202.693647 8471217580.000000 0.540206 8049
59202.693763 8471217570.000000 0.622929 8049
59202.693879 8471217560.000000 0.475207 8049
59202.693995 8471217560.000000 0.540629 8049
59202.694110 8471217550.000000 0.577796 8049
59202.694226 8471217540.000000 0.420404 8049
59202.694342 8471217540.000000 0.552353 8049
59202.694458 8471217530.000000 0.576947 8049
59202.694573 8471217520.000000 0.418366 8049
59202.694689 8471217520.000000 0.582914 8049
59202.694805 8471217510.000000 0.548024 8049
59202.694921 8471217510.000000 0.444090 8049
59202.695036 8471217500.000000 0.590489 8049
59202.695152 8471217490.000000 0.473255 8049
59202.695268 8471217490.000000 0.498728 8049
59202.695384 8471217480.000000 0.573221 8049
59202.695499 8471217470.000000 0.532113 8049
59202.695615 8471217470.000000 0.488103 8049
59202.695731 8471217460.000000 0.563550 8049
59202.695847 8471217450.000000 0.491887 8049
59202.695962 8471217450.000000 0.481865 8049
59202.696078 8471217440.000000 0.544155 8049
59202.696194 8471217430.000000 0.426436 8049
59202.696309 8471217430.000000 0.505872 8049
59202.696425 8471217420.000000 0.522489 8049
59202.696541 8471217410.000000 0.404486 8049
59202.696657 8471217410.000000 0.498034 8049
59202.696772 8471217400.000000 0.517636 8049
59202.696888 8471217400.000000 0.396486 8049
59202.697004 8471217390.000000 0.513075 8049
59202.697120 8471217380.000000 0.333776 8049
59202.697235 8471217380.000000 0.217369 8049
59202.697351 8471217370.000000 0.505316 8049
59202.697467 8471217360.000000 0.668287 8049
59202.697583 8471217360.000000 0.536847 8049
59202.697698 8471217350.000000 0.627898 8049
59202.697814 8471217340.000000 0.602857 8049
59202.697930 8471217340.000000 0.492821 8049
59202.698046 8471217330.000000 0.363196 8049
59202.698161 8471217320.000000 0.298943 8049
59202.698277 8471217320.000000 0.313032 8049
59202.698393 8471217310.000000 0.760661 8049
59202.698509 8471217300.000000 0.660638 8049
59202.698624 8471217300.000000 0.690771 8049
59202.698740 8471217290.000000 0.768355 8049
59202.698856 8471217280.000000 0.539844 8049
59202.698972 8471217280.000000 0.521034 8049
59202.699087 8471217270.000000 0.621553 8049
59202.699203 8471217270.000000 0.449794 8049
59202.699319 8471217260.000000 0.586560 8049
59202.699435 8471217250.000000 0.586470 8049
59202.699550 8471217250.000000 0.471102 8049
59202.699666 8471217240.000000 0.581288 8049
59202.699782 8471217230.000000 0.559491 8049
59202.699897 8471217230.000000 0.420709 8049
59202.700013 8471217220.000000 0.581412 8049
59202.700129 8471217210.000000 0.540922 8049
59202.700245 8471217210.000000 0.498393 8049
59202.700360 8471217200.000000 0.592024 8049
59202.700476 8471217190.000000 0.488090 8049
59202.700592 8471217190.000000 0.493385 8049
59202.700708 8471217180.000000 0.583661 8049
59202.700823 8471217170.000000 0.415969 8049
59202.700939 8471217170.000000 0.535395 8049
59202.701055 8471217160.000000 0.540613 8049
59202.701171 8471217160.000000 0.404517 8049
59202.701286 8471217150.000000 0.533939 8049
59202.701402 8471217140.000000 0.524582 8049
59202.701518 8471217140.000000 0.467960 8049
59202.701634 8471217130.000000 0.555076 8049
59202.701749 8471217120.000000 0.433429 8049
59202.701865 8471217120.000000 0.477300 8049
59202.701981 8471217110.000000 0.533825 8049
59202.702097 8471217100.000000 0.465850 8049
59202.702212 8471217100.000000 0.494054 8049
59202.702328 8471217090.000000 0.533812 8049
59202.702444 8471217080.000000 0.473322 8049
59202.702559 8471217080.000000 0.458967 8049
59202.702675 8471217070.000000 0.531992 8049
59202.702791 8471217060.000000 0.454169 8049
59202.702907 8471217060.000000 0.513830 8049
59202.703022 8471217050.000000 0.512500 8049
59202.703138 8471217040.000000 0.379344 8049
59202.703254 8471217040.000000 0.520634 8049
59202.703370 8471217030.000000 0.492592 8049
59202.703485 8471217030.000000 0.396062 8049
59202.703601 8471217020.000000 0.497097 8049
59202.703717 8471217010.000000 0.515525 8049
59202.703833 8471217010.000000 0.370137 8049
59202.703948 8471217000.000000 0.511030 8049
59202.704064 8471216990.000000 0.467481 8049
59202.704180 8471216990.000000 0.394871 8049
59202.704296 8471216980.000000 0.499226 8049
59202.704411 8471216970.000000 0.476800 8049
59202.704527 8471216970.000000 0.438359 8049
59202.704643 8471216960.000000 0.521236 8049
59202.704759 8471216950.000000 0.425795 8049
59202.704874 8471216950.000000 0.424333 8049
59202.704990 8471216940.000000 0.515813 8049
59202.705106 8471216930.000000 0.457894 8049
59202.705221 8471216930.000000 0.422260 8049
59202.705337 8471216920.000000 0.506569 8049
59202.705453 8471216910.000000 0.404090 8049
59202.705569 8471216910.000000 0.447827 8049
59202.705684 8471216900.000000 0.484041 8049
59202.705800 8471216890.000000 0.372554 8049
59202.705916 8471216890.000000 0.466299 8049
59202.706032 8471216880.000000 0.483271 8049
59202.706147 8471216880.000000 0.349878 8049
59202.706263 8471216870.000000 0.447993 8049
59202.706379 8471216860.000000 0.467638 8049
59202.706495 8471216860.000000 0.348137 8049
59202.706610 8471216850.000000 0.483841 8049
59202.706726 8471216840.000000 0.432058 8049
59202.706842 8471216840.000000 0.393039 8049
59202.706958 8471216830.000000 0.487449 8049
59202.707073 8471216820.000000 0.369496 8049
59202.707189 8471216820.000000 0.423645 8049
59202.707305 8471216810.000000 0.476053 8049
59202.707421 8471216800.000000 0.398460 8049
59202.707536 8471216800.000000 0.387940 8049
59202.707652 8471216790.000000 0.475914 8049
59202.707768 8471216780.000000 0.397154 8049
59202.707884 8471216780.000000 0.412805 8049
59202.707999 8471216770.000000 0.446332 8049
59202.708115 8471216760.000000 0.363048 8049
59202.708231 8471216760.000000 0.395622 8049
59202.708347 8471216750.000000 0.455568 8049
59202.708462 8471216740.000000 0.379351 8049
59202.708578 8471216740.000000 0.431450 8049
59202.708694 8471216730.000000 0.442415 8049
59202.708809 8471216720.000000 0.362294 8049
59202.708925 8471216720.000000 0.406512 8049
59202.709041 8471216710.000000 0.464831 8049
59202.709157 8471216700.000000 0.343013 8049
59202.709272 8471216700.000000 0.426179 8049
59202.709388 8471216690.000000 0.479476 8049
59202.709504 8471216690.000000 0.342845 8049
59202.709620 8471216680.000000 0.479634 8049
59202.709735 8471216670.000000 0.406563 8049
59202.709851 8471216670.000000 0.392696 8049
59202.709967 8471216660.000000 0.458147 8049
59202.710083 8471216650.000000 0.401962 8049
59202.710198 8471216650.000000 0.416543 8049
59202.710314 8471216640.000000 0.473497 8049
59202.710430 8471216630.000000 0.380969 8049
59202.710546 8471216630.000000 0.401308 8049
59202.710661 8471216620.000000 0.465025 8049
59202.710777 8471216610.000000 0.400550 8049
59202.710893 8471216610.000000 0.385301 8049
59202.711009 8471216600.000000 0.468355 8049
59202.711124 8471216590.000000 0.350529 8049
59202.711240 8471216590.000000 0.432452 8049
59202.711356 8471216580.000000 0.457384 8049
59202.711472 8471216570.000000 0.356238 8049
59202.711587 8471216570.000000 0.424023 8049
59202.711703 8471216560.000000 0.460711 8049
59202.711819 8471216560.000000 0.363131 8049
59202.711934 8471216550.000000 0.473575 8049
59202.712050 8471216540.000000 0.411035 8049
59202.712166 8471216540.000000 0.350976 8049
59202.712282 8471216530.000000 0.464286 8049
59202.712397 8471216520.000000 0.419652 8049
59202.712513 8471216520.000000 0.403918 8049
59202.712629 8471216510.000000 0.472842 8049
59202.712745 8471216500.000000 0.347968 8049
59202.712860 8471216500.000000 0.448072 8049
59202.712976 8471216490.000000 0.461460 8049
59202.713092 8471216480.000000 0.354222 8049
59202.713208 8471216480.000000 0.440662 8049
59202.713323 8471216470.000000 0.451792 8049
59202.713439 8471216470.000000 0.381261 8049
59202.713555 8471216460.000000 0.451304 8049
59202.713671 8471216450.000000 0.401366 8049
59202.713786 8471216450.000000 0.376448 8049
59202.713902 8471216440.000000 0.463641 8049
59202.714018 8471216430.000000 0.356810 8049
59202.714134 8471216430.000000 0.425007 8049
59202.714249 8471216420.000000 0.456768 8049
59202.714365 8471216410.000000 0.363442 8049
59202.714481 8471216410.000000 0.417097 8049
59202.714597 8471216400.000000 0.452917 8049
59202.714712 8471216390.000000 0.387929 8049
59202.714828 8471216390.000000 0.412387 8049
59202.714944 8471216380.000000 0.449521 8049
59202.715060 8471216370.000000 0.382665 8049
59202.715175 8471216370.000000 0.426011 8049
59202.715291 8471216360.000000 0.451451 8049
59202.715407 8471216350.000000 0.355224 8049
59202.715522 8471216350.000000 0.424205 8049
59202.715638 8471216340.000000 0.437394 8049
59202.715754 8471216340.000000 0.354310 8049
59202.715870 8471216330.000000 0.450566 8049
59202.715985 8471216320.000000 0.413532 8049
59202.716101 8471216320.000000 0.373194 8049
59202.716217 8471216310.000000 0.462199 8049
59202.716333 8471216300.000000 0.382383 8049
59202.716448 8471216300.000000 0.416491 8049
59202.716564 8471216290.000000 0.443801 8049
59202.716680 8471216280.000000 0.338145 8049
59202.716796 8471216280.000000 0.411602 8049
59202.716911 8471216270.000000 0.438177 8049
59202.717027 8471216260.000000 0.342765 8049
59202.717143 8471216260.000000 0.430115 8049
59202.717259 8471216250.000000 0.400914 8049
59202.717374 8471216250.000000 0.363961 8049
59202.717490 8471216240.000000 0.452035 8049
59202.717606 8471216230.000000 0.382019 8049
59202.717722 8471216230.000000 0.381108 8049
59202.717837 8471216220.000000 0.448407 8049
59202.717953 8471216210.000000 0.368675 8049
59202.718069 8471216210.000000 0.411140 8049
59202.718184 8471216200.000000 0.449693 8049
59202.718300 8471216190.000000 0.319981 8049
59202.718416 8471216190.000000 0.417696 8049
59202.718532 8471216180.000000 0.421137 8049
59202.718647 8471216170.000000 0.371854 8049
59202.718763 8471216170.000000 0.433188 8049
59202.718879 8471216160.000000 0.427403 8049
59202.718995 8471216160.000000 0.338483 8049
59202.719110 8471216150.000000 0.434042 8049
59202.719226 8471216140.000000 0.395382 8049
59202.719342 8471216140.000000 0.375625 8049
59202.719458 8471216130.000000 0.445513 8049
59202.719573 8471216120.000000 0.390202 8049
59202.719689 8471216120.000000 0.406571 8049
59202.719805 8471216110.000000 0.446681 8049
59202.719921 8471216100.000000 0.348191 8049
59202.720036 8471216100.000000 0.434404 8049
59202.720152 8471216090.000000 0.430690 8049
59202.720268 8471216090.000000 0.354590 8049
59202.720384 8471216080.000000 0.453869 8049
59202.720499 8471216070.000000 0.405956 8049
59202.720615 8471216070.000000 0.366222 8049
59202.720731 8471216060.000000 0.472707 8049
59202.720846 8471216050.000000 0.383228 8049
59202.720962 8471216050.000000 0.401977 8049
59202.721078 8471216040.000000 0.465530 8049
59202.721194 8471216030.000000 0.386086 8049
59202.721309 8471216030.000000 0.428736 8049
59202.721425 8471216020.000000 0.449638 8049
59202.721541 8471216010.000000 0.324928 8049
59202.721657 8471216010.000000 0.462763 8049
59202.721772 8471216000.000000 0.428791 8049
59202.721888 8471216000.000000 0.379687 8049
59202.722004 8471215990.000000 0.468791 8049
59202.722120 8471215980.000000 0.392581 8049
59202.722235 8471215980.000000 0.404686 8049
59202.722351 8471215970.000000 0.449083 8049
59202.722467 8471215960.000000 0.329067 8049
59202.722583 8471215960.000000 0.425137 8049
59202.722698 8471215950.000000 0.429495 8049
59202.722814 8471215950.000000 0.314492 8049
59202.722930 8471215940.000000 0.436081 8049
59202.723046 8471215930.000000 0.416836 8049
59202.723161 8471215930.000000 0.251403 8049
59202.723277 8471215920.000000 0.323652 8049
59202.723393 8471215910.000000 0.276635 8049
59202.723509 8471215910.000000 0.267791 8049
59202.723624 8471215900.000000 0.169606 8049
59202.723740 8471215890.000000 0.112206 8049
59202.723856 8471215890.000000 0.157461 8049
59202.723972 8471215880.000000 0.240331 8049
59202.724087 8471215880.000000 0.396121 8049
59202.724203 8471215870.000000 0.464061 8049
59202.724319 8471215860.000000 0.423029 8049
59202.724434 8471215860.000000 0.065609 8049
59202.724550 8471215850.000000 0.047383 8049
59202.724666 8471215840.000000 0.554770 8049
59202.724782 8471215840.000000 0.627216 8049
59202.724897 8471215830.000000 0.744117 8049
59202.725013 8471215820.000000 0.571634 8049
59202.725129 8471215820.000000 0.532672 8049
59202.725245 8471215810.000000 0.616311 8049
59202.725360 8471215800.000000 0.309241 8049
59202.725476 8471215800.000000 0.349078 8049
59202.725592 8471215790.000000 0.372614 8049
59202.725708 8471215780.000000 0.461573 8049
59202.725823 8471215780.000000 0.594723 8049
59202.725939 8471215770.000000 0.594145 8049
59202.726055 8471215770.000000 0.456091 8049
59202.726171 8471215760.000000 0.583718 8049
59202.726286 8471215750.000000 0.571868 8049
59202.726402 8471215750.000000 0.383695 8049
59202.726518 8471215740.000000 0.457996 8049
59202.726634 8471215730.000000 0.481446 8049
59202.726749 8471215730.000000 0.528326 8049
59202.726865 8471215720.000000 0.566361 8049
59202.726981 8471215710.000000 0.435921 8049
59202.727097 8471215710.000000 0.556303 8049
59202.727212 8471215700.000000 0.539500 8049
59202.727328 8471215700.000000 0.416195 8049
59202.727444 8471215690.000000 0.582854 8049
59202.727559 8471215680.000000 0.533238 8049
59202.727675 8471215680.000000 0.467551 8049
59202.727791 8471215670.000000 0.600344 8049
59202.727907 8471215660.000000 0.476836 8049
59202.728022 8471215660.000000 0.514909 8049
59202.728138 8471215650.000000 0.597238 8049
59202.728254 8471215640.000000 0.472325 8049
59202.728370 8471215640.000000 0.538319 8049
59202.728485 8471215630.000000 0.588777 8049
59202.728601 8471215630.000000 0.427681 8049
59202.728717 8471215620.000000 0.568230 8049
59202.728833 8471215610.000000 0.523495 8049
59202.728948 8471215610.000000 0.424915 8049
59202.729064 8471215600.000000 0.566635 8049
59202.729180 8471215590.000000 0.587290 8049
59202.729296 8471215590.000000 0.465098 8049
59202.729411 8471215580.000000 0.588554 8049
59202.729527 8471215570.000000 0.510929 8049
59202.729643 8471215570.000000 0.467834 8049
59202.729759 8471215560.000000 0.599293 8049
59202.729874 8471215550.000000 0.497333 8049
59202.729990 8471215550.000000 0.500389 8049
59202.730106 8471215540.000000 0.585780 8049
59202.730222 8471215530.000000 0.496114 8049
59202.730337 8471215530.000000 0.496836 8049
59202.730453 8471215520.000000 0.566069 8049
59202.730569 8471215510.000000 0.555664 8049
59202.730685 8471215510.000000 0.517476 8049
59202.730800 8471215500.000000 0.583781 8049
59202.730916 8471215490.000000 0.448667 8049
59202.731032 8471215490.000000 0.572001 8049
59202.731147 8471215480.000000 0.545299 8049
59202.731263 8471215480.000000 0.466237 8049
59202.731379 8471215470.000000 0.600278 8049
59202.731495 8471215460.000000 0.554153 8049
59202.731610 8471215460.000000 0.523792 8049
59202.731726 8471215450.000000 0.588605 8049
59202.731842 8471215440.000000 0.518154 8049
59202.731958 8471215440.000000 0.529951 8049
59202.732073 8471215430.000000 0.584605 8049
59202.732189 8471215430.000000 0.433972 8049
59202.732305 8471215420.000000 0.554978 8049
59202.732421 8471215410.000000 0.559977 8049
59202.732536 8471215410.000000 0.425148 8049
59202.732652 8471215400.000000 0.585489 8049
59202.732768 8471215390.000000 0.568916 8049
59202.732884 8471215390.000000 0.424209 8049
59202.732999 8471215380.000000 0.567558 8049
59202.733115 8471215370.000000 0.602399 8049
59202.733231 8471215360.000000 0.443222 8049
59202.733347 8471215360.000000 0.598553 8049
59202.733462 8471215350.000000 0.568402 8049
59202.733578 8471215350.000000 0.428812 8049
59202.733694 8471215340.000000 0.603853 8049
59202.733809 8471215330.000000 0.582910 8049
59202.733925 8471215330.000000 0.441739 8049
59202.734041 8471215320.000000 0.580532 8049
59202.734157 8471215310.000000 0.524716 8049
59202.734272 8471215310.000000 0.489433 8049
59202.734388 8471215300.000000 0.603254 8049
59202.734504 8471215290.000000 0.558103 8049
59202.734620 8471215290.000000 0.459372 8049
59202.734735 8471215280.000000 0.600981 8049
59202.734851 8471215270.000000 0.547997 8049
59202.734967 8471215270.000000 0.491848 8049
59202.735083 8471215260.000000 0.605877 8049
59202.735198 8471215250.000000 0.518917 8049
59202.735314 8471215250.000000 0.498722 8049
59202.735430 8471215240.000000 0.608099 8049
59202.735546 8471215230.000000 0.497819 8049
59202.735661 8471215230.000000 0.548995 8049
59202.735777 8471215220.000000 0.601339 8049
59202.735893 8471215210.000000 0.541434 8049
59202.736009 8471215210.000000 0.516836 8049
59202.736124 8471215200.000000 0.599449 8049
59202.736240 8471215190.000000 0.502005 8049
59202.736356 8471215190.000000 0.547519 8049
59202.736471 8471215180.000000 0.594446 8049
59202.736587 8471215170.000000 0.479669 8049
59202.736703 8471215170.000000 0.533704 8049
59202.736819 8471215160.000000 0.597878 8049
59202.736934 8471215150.000000 0.533284 8049
59202.737050 8471215150.000000 0.454878 8049
59202.737166 8471215140.000000 0.599787 8049
59202.737282 8471215130.000000 0.537759 8049
59202.737397 8471215130.000000 0.516566 8049
59202.737513 8471215120.000000 0.604599 8049
59202.737629 8471215110.000000 0.518845 8049
59202.737745 8471215110.000000 0.563215 8049
59202.737860 8471215100.000000 0.610423 8049
59202.737976 8471215090.000000 0.481559 8049
59202.738092 8471215090.000000 0.540945 8049
59202.738208 8471215080.000000 0.603727 8049
59202.738323 8471215080.000000 0.431749 8049
59202.738439 8471215070.000000 0.575284 8049
59202.738555 8471215060.000000 0.586519 8049
59202.738671 8471215050.000000 0.466187 8049
59202.738786 8471215050.000000 0.584838 8049
59202.738902 8471215040.000000 0.567573 8049
59202.739018 8471215030.000000 0.477241 8049
59202.739134 8471215030.000000 0.580774 8049
59202.739249 8471215020.000000 0.607414 8049
59202.739365 8471215010.000000 0.446758 8049
59202.739481 8471215010.000000 0.565882 8049
59202.739597 8471215000.000000 0.570955 8049
59202.739712 8471214990.000000 0.458299 8049
59202.739828 8471214990.000000 0.553205 8049
59202.739944 8471214980.000000 0.599396 8049
59202.740059 8471214970.000000 0.438907 8049
59202.740175 8471214970.000000 0.597010 8049
59202.740291 8471214960.000000 0.560536 8049
59202.740407 8471214960.000000 0.462428 8049
59202.740522 8471214950.000000 0.609412 8049
59202.740638 8471214940.000000 0.564249 8049
59202.740754 8471214940.000000 0.519759 8049
59202.740870 8471214930.000000 0.603317 8049
59202.740985 8471214920.000000 0.546273 8049
59202.741101 8471214920.000000 0.508792 8049
59202.741217 8471214910.000000 0.619533 8049
59202.741333 8471214900.000000 0.510116 8049
59202.741448 8471214900.000000 0.547026 8049
59202.741564 8471214890.000000 0.612242 8049
59202.741680 8471214880.000000 0.495258 8049
59202.741796 8471214880.000000 0.551694 8049
59202.741911 8471214870.000000 0.613806 8049
59202.742027 8471214860.000000 0.484853 8049
59202.742143 8471214860.000000 0.545055 8049
59202.742259 8471214850.000000 0.596555 8049
59202.742374 8471214840.000000 0.511502 8049
59202.742490 8471214840.000000 0.550596 8049
59202.742606 8471214830.000000 0.599152 8049
59202.742722 8471214820.000000 0.482106 8049
59202.742837 8471214820.000000 0.526637 8049
59202.742953 8471214810.000000 0.606673 8049
59202.743069 8471214800.000000 0.527389 8049
59202.743184 8471214800.000000 0.505207 8049
59202.743300 8471214790.000000 0.599499 8049
59202.743416 8471214780.000000 0.528018 8049
59202.743532 8471214780.000000 0.497345 8049
59202.743647 8471214770.000000 0.613392 8049
59202.743763 8471214760.000000 0.481481 8049
59202.743879 8471214760.000000 0.557239 8049
59202.743995 8471214750.000000 0.617730 8049
59202.744110 8471214740.000000 0.486234 8049
59202.744226 8471214740.000000 0.548569 8049
59202.744342 8471214730.000000 0.606343 8049
59202.744458 8471214720.000000 0.496160 8049
59202.744573 8471214720.000000 0.541380 8049
59202.744689 8471214710.000000 0.615924 8049
59202.744805 8471214700.000000 0.495677 8049
59202.744921 8471214700.000000 0.575608 8049
59202.745036 8471214690.000000 0.586788 8049
59202.745152 8471214680.000000 0.496711 8049
59202.745268 8471214680.000000 0.549278 8049
59202.745384 8471214670.000000 0.597357 8049
59202.745499 8471214660.000000 0.524193 8049
59202.745615 8471214660.000000 0.603645 8049
59202.745731 8471214650.000000 0.589322 8049
59202.745847 8471214640.000000 0.439000 8049
59202.745962 8471214640.000000 0.573613 8049
59202.746078 8471214630.000000 0.595378 8049
59202.746194 8471214620.000000 0.470653 8049
59202.746310 8471214620.000000 0.568988 8049
59202.746425 8471214610.000000 0.599798 8049
59202.746541 8471214600.000000 0.441132 8049
59202.746657 8471214600.000000 0.566221 8049
59202.746772 8471214590.000000 0.619639 8049
59202.746888 8471214580.000000 0.431335 8049
59202.747004 8471214580.000000 0.590798 8049
59202.747120 8471214570.000000 0.608723 8049
59202.747235 8471214570.000000 0.427497 8049
59202.747351 8471214560.000000 0.525622 8049
59202.747467 8471214550.000000 0.606445 8049
59202.747583 8471214540.000000 0.499286 8049
59202.747698 8471214540.000000 0.555989 8049
59202.747814 8471214530.000000 0.632107 8049
59202.747930 8471214520.000000 0.514019 8049
59202.748046 8471214520.000000 0.489831 8049
59202.748161 8471214510.000000 0.619008 8049
59202.748277 8471214500.000000 0.517383 8049
59202.748393 8471214500.000000 0.542712 8049
59202.748509 8471214490.000000 0.619743 8049
59202.748624 8471214480.000000 0.515613 8049
59202.748740 8471214480.000000 0.515792 8049
59202.748856 8471214470.000000 0.611044 8049
59202.748972 8471214460.000000 0.518979 8049
59202.749087 8471214460.000000 0.540343 8049
59202.749203 8471214450.000000 0.630321 8049
59202.749319 8471214440.000000 0.506634 8049
59202.749434 8471214440.000000 0.507214 8049
59202.749550 8471214430.000000 0.607878 8049
59202.749666 8471214420.000000 0.535865 8049
59202.749782 8471214420.000000 0.506407 8049
59202.749897 8471214410.000000 0.603954 8049
59202.750013 8471214400.000000 0.554966 8049
59202.750129 8471214400.000000 0.458221 8049
59202.750245 8471214390.000000 0.610833 8049
59202.750360 8471214380.000000 0.578485 8049
59202.750476 8471214370.000000 0.485940 8049
59202.750592 8471214370.000000 0.576838 8049
59202.750708 8471214360.000000 0.592956 8049
59202.750823 8471214350.000000 0.494208 8049
59202.750939 8471214350.000000 0.552716 8049
59202.751055 8471214340.000000 0.613723 8049
59202.751171 8471214340.000000 0.460874 8049
59202.751286 8471214330.000000 0.616078 8049
59202.751402 8471214320.000000 0.561278 8049
59202.751518 8471214320.000000 0.525777 8049
59202.751634 8471214310.000000 0.620934 8049
59202.751749 8471214300.000000 0.556523 8049
59202.751865 8471214300.000000 0.541307 8049
59202.751981 8471214290.000000 0.605896 8049
59202.752096 8471214280.000000 0.578986 8049
59202.752212 8471214280.000000 0.485058 8049
59202.752328 8471214270.000000 0.618757 8049
59202.752444 8471214260.000000 0.548193 8049
59202.752559 8471214260.000000 0.488802 8049
59202.752675 8471214250.000000 0.622599 8049
59202.752791 8471214240.000000 0.596906 8049
59202.752907 8471214240.000000 0.459200 8049
59202.753022 8471214230.000000 0.622411 8049
59202.753138 8471214220.000000 0.556943 8049
59202.753254 8471214210.000000 0.451317 8049
59202.753370 8471214210.000000 0.601343 8049
59202.753485 8471214200.000000 0.628324 8049
59202.753601 8471214200.000000 0.450857 8049
59202.753717 8471214190.000000 0.608071 8049
59202.753833 8471214180.000000 0.558839 8049
59202.753948 8471214170.000000 0.441024 8049
59202.754064 8471214170.000000 0.579619 8049
59202.754180 8471214160.000000 0.611647 8049
59202.754296 8471214150.000000 0.512387 8049
59202.754411 8471214150.000000 0.563717 8049
59202.754527 8471214140.000000 0.599017 8049
59202.754643 8471214140.000000 0.442268 8049
59202.754759 8471214130.000000 0.626036 8049
59202.754874 8471214120.000000 0.588560 8049
59202.754990 8471214120.000000 0.451935 8049
59202.755106 8471214110.000000 0.583982 8049
59202.755222 8471214100.000000 0.610213 8049
59202.755337 8471214090.000000 0.468929 8049
59202.755453 8471214090.000000 0.613195 8049
59202.755569 8471214080.000000 0.576687 8049
59202.755684 8471214080.000000 0.451628 8049
59202.755800 8471214070.000000 0.607751 8049
59202.755916 8471214060.000000 0.585636 8049
59202.756032 8471214060.000000 0.441236 8049
59202.756147 8471214050.000000 0.600266 8049
59202.756263 8471214040.000000 0.600865 8049
59202.756379 8471214040.000000 0.476536 8049
59202.756495 8471214030.000000 0.619403 8049
59202.756610 8471214020.000000 0.563161 8049
59202.756726 8471214020.000000 0.511464 8049
59202.756842 8471214010.000000 0.623809 8049
59202.756958 8471214000.000000 0.566233 8049
59202.757073 8471214000.000000 0.517732 8049
59202.757189 8471213990.000000 0.633470 8049
59202.757305 8471213980.000000 0.497579 8049
59202.757421 8471213980.000000 0.475192 8049
59202.757536 8471213970.000000 0.624686 8049
59202.757652 8471213960.000000 0.539372 8049
59202.757768 8471213960.000000 0.506118 8049
59202.757884 8471213950.000000 0.634387 8049
59202.757999 8471213940.000000 0.505488 8049
59202.758115 8471213940.000000 0.536854 8049
59202.758231 8471213930.000000 0.613231 8049
59202.758347 8471213920.000000 0.567834 8049
59202.758462 8471213920.000000 0.481697 8049
59202.758578 8471213910.000000 0.608499 8049
59202.758694 8471213900.000000 0.598157 8049
59202.758809 8471213900.000000 0.478910 8049
59202.758925 8471213890.000000 0.629432 8049
59202.759041 8471213880.000000 0.558699 8049
59202.759157 8471213880.000000 0.444033 8049
59202.759272 8471213870.000000 0.597903 8049
59202.759388 8471213860.000000 0.587523 8049
59202.759504 8471213850.000000 0.479686 8049
59202.759620 8471213850.000000 0.590051 8049
59202.759735 8471213840.000000 0.589814 8049
59202.759851 8471213830.000000 0.459311 8049
59202.759967 8471213830.000000 0.615414 8049
59202.760083 8471213820.000000 0.596248 8049
59202.760198 8471213810.000000 0.450766 8049
59202.760314 8471213810.000000 0.570483 8049
59202.760430 8471213800.000000 0.621465 8049
59202.760546 8471213790.000000 0.501617 8049
59202.760661 8471213790.000000 0.582855 8049
59202.760777 8471213780.000000 0.596534 8049
59202.760893 8471213770.000000 0.489963 8049
59202.761009 8471213770.000000 0.581229 8049
59202.761124 8471213760.000000 0.613702 8049
59202.761240 8471213750.000000 0.526279 8049
59202.761356 8471213750.000000 0.550338 8049
59202.761472 8471213740.000000 0.617154 8049
59202.761587 8471213730.000000 0.478537 8049
59202.761703 8471213730.000000 0.569287 8049
59202.761819 8471213720.000000 0.618081 8049
59202.761934 8471213710.000000 0.496996 8049
59202.762050 8471213710.000000 0.560317 8049
59202.762166 8471213700.000000 0.641453 8049
59202.762282 8471213690.000000 0.497610 8049
59202.762397 8471213690.000000 0.560414 8049
59202.762513 8471213680.000000 0.630756 8049
59202.762629 8471213670.000000 0.526337 8049
59202.762745 8471213670.000000 0.526806 8049
59202.762860 8471213660.000000 0.634919 8049
59202.762976 8471213650.000000 0.531968 8049
59202.763092 8471213650.000000 0.519945 8049
59202.763208 8471213640.000000 0.621018 8049
59202.763323 8471213630.000000 0.556941 8049
59202.763439 8471213630.000000 0.556673 8049
59202.763555 8471213620.000000 0.629322 8049
59202.763671 8471213610.000000 0.529080 8049
59202.763786 8471213610.000000 0.478409 8049
59202.763902 8471213600.000000 0.630821 8049
59202.764018 8471213590.000000 0.542431 8049
59202.764134 8471213590.000000 0.568774 8049
59202.764249 8471213580.000000 0.615255 8049
59202.764365 8471213570.000000 0.443778 8049
59202.764481 8471213570.000000 0.616637 8049
59202.764597 8471213560.000000 0.588454 8049
59202.764712 8471213560.000000 0.460269 8049
59202.764828 8471213550.000000 0.607844 8049
59202.764944 8471213540.000000 0.610887 8049
59202.765059 8471213530.000000 0.480912 8049
59202.765175 8471213530.000000 0.616543 8049
59202.765291 8471213520.000000 0.581418 8049
59202.765407 8471213510.000000 0.440869 8049
59202.765522 8471213510.000000 0.646310 8049
59202.765638 8471213500.000000 0.550258 8049
59202.765754 8471213500.000000 0.451176 8049
59202.765870 8471213490.000000 0.617080 8049
59202.765985 8471213480.000000 0.544576 8049
59202.766101 8471213480.000000 0.532299 8049
59202.766217 8471213470.000000 0.619924 8049
59202.766333 8471213460.000000 0.543012 8049
59202.766448 8471213460.000000 0.490074 8049
59202.766564 8471213450.000000 0.608236 8049
59202.766680 8471213440.000000 0.552921 8049
59202.766796 8471213440.000000 0.536000 8049
59202.766911 8471213430.000000 0.637554 8049
59202.767027 8471213420.000000 0.521341 8049
59202.767143 8471213420.000000 0.569101 8049
59202.767259 8471213410.000000 0.617298 8049
59202.767374 8471213400.000000 0.484093 8049
59202.767490 8471213400.000000 0.552644 8049
59202.767606 8471213390.000000 0.614452 8049
59202.767722 8471213380.000000 0.466522 8049
59202.767837 8471213380.000000 0.597947 8049
59202.767953 8471213370.000000 0.594667 8049
59202.768069 8471213370.000000 0.498634 8049
59202.768184 8471213360.000000 0.606008 8049
59202.768300 8471213350.000000 0.556036 8049
59202.768416 8471213350.000000 0.488742 8049
59202.768532 8471213340.000000 0.625469 8049
59202.768647 8471213330.000000 0.518635 8049
59202.768763 8471213330.000000 0.537079 8049
59202.768879 8471213320.000000 0.618478 8049
59202.768995 8471213310.000000 0.455712 8049
59202.769110 8471213310.000000 0.595480 8049
59202.769226 8471213300.000000 0.612051 8049
59202.769342 8471213290.000000 0.453196 8049
59202.769458 8471213290.000000 0.622491 8049
59202.769573 8471213280.000000 0.587674 8049
59202.769689 8471213280.000000 0.487653 8049
59202.769805 8471213270.000000 0.594041 8049
59202.769921 8471213260.000000 0.586727 8049
59202.770036 8471213260.000000 0.502413 8049
59202.770152 8471213250.000000 0.625207 8049
59202.770268 8471213240.000000 0.492203 8049
59202.770384 8471213240.000000 0.538532 8049
59202.770499 8471213230.000000 0.623308 8049
59202.770615 8471213220.000000 0.521450 8049
59202.770731 8471213220.000000 0.584627 8049
59202.770847 8471213210.000000 0.603160 8049
59202.770962 8471213210.000000 0.442908 8049
59202.771078 8471213200.000000 0.595397 8049
59202.771194 8471213190.000000 0.578147 8049
59202.771309 8471213180.000000 0.442065 8049
59202.771425 8471213180.000000 0.618891 8049
59202.771541 8471213170.000000 0.581147 8049
59202.771657 8471213170.000000 0.489379 8049
59202.771772 8471213160.000000 0.619784 8049
59202.771888 8471213150.000000 0.521390 8049
59202.772004 8471213150.000000 0.572242 8049
59202.772120 8471213140.000000 0.608407 8049
59202.772235 8471213140.000000 0.441799 8049
59202.772351 8471213130.000000 0.619040 8049
59202.772467 8471213120.000000 0.548084 8049
59202.772583 8471213120.000000 0.505039 8049
59202.772698 8471213110.000000 0.598213 8049
59202.772814 8471213100.000000 0.577460 8049
59202.772930 8471213100.000000 0.495252 8049
59202.773046 8471213090.000000 0.627557 8049
59202.773161 8471213080.000000 0.553664 8049
59202.773277 8471213080.000000 0.576759 8049
59202.773393 8471213070.000000 0.617039 8049
59202.773509 8471213060.000000 0.474832 8049
59202.773624 8471213060.000000 0.605168 8049
59202.773740 8471213050.000000 0.572413 8049
59202.773856 8471213050.000000 0.465477 8049
59202.773972 8471213040.000000 0.619429 8049
59202.774087 8471213030.000000 0.544796 8049
59202.774203 8471213030.000000 0.550364 8049
59202.774319 8471213020.000000 0.600464 8049
59202.774434 8471213010.000000 0.495196 8049
59202.774550 8471213010.000000 0.548304 8049
59202.774666 8471213000.000000 0.621171 8049
59202.774782 8471213000.000000 0.483902 8049
59202.774897 8471212990.000000 0.612858 8049
59202.775013 8471212980.000000 0.586037 8049
59202.775129 8471212970.000000 0.461325 8049
59202.775245 8471212970.000000 0.632084 8049
59202.775360 8471212960.000000 0.544004 8049
59202.775476 8471212960.000000 0.505924 8049
59202.775592 8471212950.000000 0.615964 8049
59202.775708 8471212940.000000 0.523801 8049
59202.775823 8471212940.000000 0.550631 8049
59202.775939 8471212930.000000 0.603860 8049
59202.776055 8471212930.000000 0.475027 8049
59202.776171 8471212920.000000 0.599890 8049
59202.776286 8471212910.000000 0.555771 8049
59202.776402 8471212910.000000 0.506894 8049
59202.776518 8471212900.000000 0.597838 8049
59202.776634 8471212890.000000 0.539007 8049
59202.776749 8471212890.000000 0.538043 8049
59202.776865 8471212880.000000 0.622838 8049
59202.776981 8471212870.000000 0.435000 8049
59202.777097 8471212870.000000 0.592423 8049
59202.777212 8471212860.000000 0.565030 8049
59202.777328 8471212860.000000 0.463479 8049
59202.777444 8471212850.000000 0.610815 8049
59202.777559 8471212840.000000 0.570322 8049
59202.777675 8471212840.000000 0.485729 8049
59202.777791 8471212830.000000 0.622005 8049
59202.777907 8471212820.000000 0.467484 8049
59202.778022 8471212820.000000 0.578276 8049
59202.778138 8471212810.000000 0.583404 8049
59202.778254 8471212810.000000 0.478869 8049
59202.778370 8471212800.000000 0.612906 8049
59202.778485 8471212790.000000 0.542977 8049
59202.778601 8471212790.000000 0.561893 8049
59202.778717 8471212780.000000 0.580445 8049
59202.778833 8471212780.000000 0.443721 8049
59202.778948 8471212770.000000 0.611867 8049
59202.779064 8471212760.000000 0.493333 8049
59202.779180 8471212760.000000 0.544656 8049
59202.779296 8471212750.000000 0.607006 8049
59202.779411 8471212740.000000 0.460397 8049
59202.779527 8471212740.000000 0.567154 8049
59202.779643 8471212730.000000 0.579320 8049
59202.779759 8471212730.000000 0.444859 8049
59202.779874 8471212720.000000 0.595670 8049
59202.779990 8471212710.000000 0.543917 8049
59202.780106 8471212710.000000 0.470136 8049
59202.780222 8471212700.000000 0.591128 8049
59202.780337 8471212690.000000 0.520293 8049
59202.780453 8471212690.000000 0.538443 8049
59202.780569 8471212680.000000 0.607614 8049
59202.780684 8471212680.000000 0.429641 8049
59202.780800 8471212670.000000 0.559208 8049
59202.780916 8471212660.000000 0.571647 8049
59202.781032 8471212660.000000 0.470766 8049
59202.781147 8471212650.000000 0.608009 8049
59202.781263 8471212640.000000 0.202827 8049
59202.781379 8471212640.000000 0.200399 8049
59202.781495 8471212630.000000 0.191359 8049
59202.781610 8471212630.000000 0.357021 8049
59202.781726 8471212620.000000 0.487661 8049
59202.781842 8471212610.000000 0.418149 8049
59202.781958 8471212610.000000 0.483377 8049
59202.782073 8471212600.000000 0.626481 8049
59202.782189 8471212590.000000 0.482268 8049
59202.782305 8471212590.000000 0.461520 8049
59202.782421 8471212580.000000 0.266977 8049
59202.782536 8471212580.000000 0.195531 8049
59202.782652 8471212570.000000 0.289854 8049
59202.782768 8471212560.000000 0.380976 8049
59202.782884 8471212560.000000 0.367775 8049
59202.782999 8471212550.000000 0.436965 8049
59202.783115 8471212550.000000 0.468681 8049
59202.783231 8471212540.000000 0.613732 8049
59202.783347 8471212530.000000 0.587645 8049
59202.783462 8471212530.000000 0.545645 8049
59202.783578 8471212520.000000 0.641042 8049
59202.783694 8471212510.000000 0.503466 8049
59202.783809 8471212510.000000 0.618258 8049
59202.783925 8471212500.000000 0.570529 8049
59202.784041 8471212500.000000 0.519889 8049
59202.784157 8471212490.000000 0.627285 8049
59202.784272 8471212480.000000 0.483286 8049
59202.784388 8471212480.000000 0.617684 8049
59202.784504 8471212470.000000 0.587686 8049
59202.784620 8471212470.000000 0.539252 8049
59202.784735 8471212460.000000 0.620412 8049
59202.784851 8471212450.000000 0.514345 8049
59202.784967 8471212450.000000 0.583850 8049
59202.785083 8471212440.000000 0.585457 8049
59202.785198 8471212440.000000 0.523967 8049
59202.785314 8471212430.000000 0.618567 8049
59202.785430 8471212420.000000 0.554340 8049
59202.785546 8471212420.000000 0.617557 8049
59202.785661 8471212410.000000 0.587366 8049
59202.785777 8471212410.000000 0.467678 8049
59202.785893 8471212400.000000 0.639704 8049
59202.786009 8471212390.000000 0.500683 8049
59202.786124 8471212390.000000 0.567581 8049
59202.786240 8471212380.000000 0.617607 8049
59202.786356 8471212380.000000 0.491146 8049
59202.786472 8471212370.000000 0.625654 8049
59202.786587 8471212360.000000 0.516464 8049
59202.786703 8471212360.000000 0.552433 8049
59202.786819 8471212350.000000 0.605160 8049
59202.786934 8471212350.000000 0.491223 8049
59202.787050 8471212340.000000 0.630275 8049
59202.787166 8471212330.000000 0.486508 8049
59202.787282 8471212330.000000 0.609592 8049
59202.787397 8471212320.000000 0.571611 8049
59202.787513 8471212320.000000 0.473439 8049
59202.787629 8471212310.000000 0.609398 8049
59202.787745 8471212300.000000 0.527752 8049
59202.787860 8471212300.000000 0.582977 8049
59202.787976 8471212290.000000 0.587698 8049
59202.788092 8471212290.000000 0.586037 8049
59202.788208 8471212280.000000 0.623072 8049
59202.788323 8471212280.000000 0.454919 8049
59202.788439 8471212270.000000 0.601110 8049
59202.788555 8471212260.000000 0.593138 8049
59202.788671 8471212260.000000 0.491819 8049
59202.788786 8471212250.000000 0.636835 8049
59202.788902 8471212240.000000 0.492719 8049
59202.789018 8471212240.000000 0.618273 8049
59202.789134 8471212230.000000 0.558335 8049
59202.789249 8471212230.000000 0.581928 8049
59202.789365 8471212220.000000 0.584826 8049
59202.789481 8471212220.000000 0.525786 8049
59202.789597 8471212210.000000 0.635501 8049
59202.789712 8471212200.000000 0.479415 8049
59202.789828 8471212200.000000 0.556395 8049
59202.789944 8471212190.000000 0.610736 8049
59202.790059 8471212190.000000 0.454913 8049
59202.790175 8471212180.000000 0.629534 8049
59202.790291 8471212170.000000 0.436767 8049
59202.790407 8471212170.000000 0.601414 8049
59202.790522 8471212160.000000 0.587541 8049
59202.790638 8471212160.000000 0.554066 8049
59202.790754 8471212150.000000 0.596583 8049
59202.790870 8471212150.000000 0.441578 8049
59202.790985 8471212140.000000 0.601390 8049
59202.791101 8471212130.000000 0.510270 8049
59202.791217 8471212130.000000 0.555080 8049
59202.791333 8471212120.000000 0.608849 8049
59202.791448 8471212120.000000 0.488984 8049
59202.791564 8471212110.000000 0.622097 8049
59202.791680 8471212100.000000 0.512378 8049
59202.791796 8471212100.000000 0.577690 8049
59202.791911 8471212090.000000 0.567317 8049
59202.792027 8471212090.000000 0.510033 8049
59202.792143 8471212080.000000 0.605339 8049
59202.792259 8471212080.000000 0.468457 8049
59202.792374 8471212070.000000 0.601329 8049
59202.792490 8471212060.000000 0.506962 8049
59202.792606 8471212060.000000 0.604949 8049
59202.792722 8471212050.000000 0.572335 8049
59202.792837 8471212050.000000 0.494134 8049
59202.792953 8471212040.000000 0.624977 8049
59202.793069 8471212030.000000 0.441233 8049
59202.793184 8471212030.000000 0.609327 8049
59202.793300 8471212020.000000 0.533036 8049
59202.793416 8471212020.000000 0.548121 8049
59202.793532 8471212010.000000 0.589338 8049
59202.793647 8471212010.000000 0.504050 8049
59202.793763 8471212000.000000 0.592065 8049
59202.793879 8471212000.000000 0.466760 8049
59202.793995 8471211990.000000 0.622713 8049
59202.794110 8471211980.000000 0.486015 8049
59202.794226 8471211980.000000 0.580376 8049
59202.794342 8471211970.000000 0.549856 8049
59202.794458 8471211970.000000 0.522746 8049
59202.794573 8471211960.000000 0.604649 8049
59202.794689 8471211950.000000 0.428918 8049
59202.794805 8471211950.000000 0.605739 8049
59202.794921 8471211940.000000 0.458595 8049
59202.795036 8471211940.000000 0.559653 8049
59202.795152 8471211930.000000 0.572114 8049
59202.795268 8471211930.000000 0.533333 8049
59202.795384 8471211920.000000 0.598230 8049
59202.795499 8471211910.000000 0.437996 8049
59202.795615 8471211910.000000 0.590183 8049
59202.795731 8471211900.000000 0.536428 8049
59202.795847 8471211900.000000 0.574617 8049
59202.795962 8471211890.000000 0.548257 8049
59202.796078 8471211890.000000 0.504798 8049
59202.796194 8471211880.000000 0.627578 8049
59202.796309 8471211870.000000 0.448468 8049
59202.796425 8471211870.000000 0.575954 8049
59202.796541 8471211860.000000 0.547145 8049
59202.796657 8471211860.000000 0.566562 8049
59202.796772 8471211850.000000 0.553784 8049
59202.796888 8471211850.000000 0.489199 8049
59202.797004 8471211840.000000 0.607222 8049
59202.797120 8471211830.000000 0.442984 8049
59202.797235 8471211830.000000 0.612090 8049
59202.797351 8471211820.000000 0.485178 8049
59202.797467 8471211820.000000 0.534747 8049
59202.797583 8471211810.000000 0.579730 8049
59202.797698 8471211810.000000 0.514129 8049
59202.797814 8471211800.000000 0.570619 8049
59202.797930 8471211800.000000 0.492534 8049
59202.798046 8471211790.000000 0.591437 8049
59202.798161 8471211780.000000 0.460320 8049
59202.798277 8471211780.000000 0.584895 8049
59202.798393 8471211770.000000 0.464669 8049
59202.798509 8471211770.000000 0.604872 8049
59202.798624 8471211760.000000 0.509194 8049
59202.798740 8471211760.000000 0.523535 8049
59202.798856 8471211750.000000 0.566257 8049
59202.798972 8471211750.000000 0.476903 8049
59202.799087 8471211740.000000 0.585796 8049
59202.799203 8471211730.000000 0.409929 8049
59202.799319 8471211730.000000 0.581060 8049
59202.799434 8471211720.000000 0.488836 8049
59202.799550 8471211720.000000 0.585056 8049
59202.799666 8471211710.000000 0.535815 8049
59202.799782 8471211710.000000 0.580381 8049
59202.799897 8471211700.000000 0.505876 8049
59202.800013 8471211700.000000 0.546144 8049
59202.800129 8471211690.000000 0.571627 8049
59202.800245 8471211690.000000 0.433486 8049
59202.800360 8471211680.000000 0.594075 8049
59202.800476 8471211680.000000 0.454116 8049
59202.800592 8471211670.000000 0.591700 8049
59202.800708 8471211660.000000 0.479339 8049
59202.800823 8471211660.000000 0.583758 8049
59202.800939 8471211650.000000 0.541541 8049
59202.801055 8471211650.000000 0.504140 8049
59202.801171 8471211640.000000 0.602580 8049
59202.801286 8471211640.000000 0.474600 8049
59202.801402 8471211630.000000 0.594436 8049
59202.801518 8471211630.000000 0.458003 8049
59202.801634 8471211620.000000 0.596644 8049
59202.801749 8471211610.000000 0.469254 8049
59202.801865 8471211610.000000 0.579315 8049
59202.801981 8471211600.000000 0.466348 8049
59202.802097 8471211600.000000 0.557150 8049
59202.802212 8471211590.000000 0.568370 8049
59202.802328 8471211590.000000 0.514218 8049
59202.802444 8471211580.000000 0.576189 8049
59202.802559 8471211580.000000 0.473914 8049
59202.802675 8471211570.000000 0.583183 8049
59202.802791 8471211570.000000 0.450413 8049
59202.802907 8471211560.000000 0.594689 8049
59202.803022 8471211550.000000 0.437581 8049
59202.803138 8471211550.000000 0.579431 8049
59202.803254 8471211540.000000 0.514846 8049
59202.803370 8471211540.000000 0.568543 8049
59202.803485 8471211530.000000 0.560017 8049
59202.803601 8471211530.000000 0.475610 8049
59202.803717 8471211520.000000 0.588772 8049
59202.803833 8471211520.000000 0.422161 8049
59202.803948 8471211510.000000 0.572165 8049
59202.804064 8471211500.000000 0.476441 8049
59202.804180 8471211500.000000 0.599198 8049
59202.804296 8471211490.000000 0.461492 8049
59202.804411 8471211490.000000 0.572207 8049
59202.804527 8471211480.000000 0.477332 8049
59202.804643 8471211480.000000 0.550689 8049
59202.804759 8471211470.000000 0.551258 8049
59202.804874 8471211470.000000 0.510436 8049
59202.804990 8471211460.000000 0.555173 8049
59202.805106 8471211460.000000 0.506321 8049
59202.805222 8471211450.000000 0.560633 8049
59202.805337 8471211440.000000 0.417889 8049
59202.805453 8471211440.000000 0.581148 8049
59202.805569 8471211430.000000 0.466827 8049
59202.805684 8471211430.000000 0.568877 8049
59202.805800 8471211420.000000 0.503476 8049
59202.805916 8471211420.000000 0.547023 8049
59202.806032 8471211410.000000 0.557844 8049
59202.806147 8471211410.000000 0.467276 8049
59202.806263 8471211400.000000 0.567101 8049
59202.806379 8471211400.000000 0.510641 8049
59202.806495 8471211390.000000 0.551743 8049
59202.806610 8471211390.000000 0.485797 8049
59202.806726 8471211380.000000 0.560525 8049
59202.806842 8471211380.000000 0.409040 8049
59202.806958 8471211370.000000 0.563699 8049
59202.807073 8471211370.000000 0.438261 8049
59202.807189 8471211360.000000 0.583677 8049
59202.807305 8471211350.000000 0.404541 8049
59202.807421 8471211350.000000 0.571097 8049
59202.807536 8471211340.000000 0.482502 8049
59202.807652 8471211340.000000 0.575253 8049
59202.807768 8471211330.000000 0.446216 8049
59202.807884 8471211330.000000 0.535509 8049
59202.807999 8471211320.000000 0.523718 8049
59202.808115 8471211320.000000 0.506606 8049
59202.808231 8471211310.000000 0.549065 8049
59202.808347 8471211310.000000 0.416236 8049
59202.808462 8471211300.000000 0.571375 8049
59202.808578 8471211300.000000 0.420999 8049
59202.808694 8471211290.000000 0.575960 8049
59202.808809 8471211280.000000 0.464512 8049
59202.808925 8471211280.000000 0.571239 8049
59202.809041 8471211270.000000 0.474620 8049
59202.809157 8471211270.000000 0.529420 8049
59202.809272 8471211260.000000 0.507222 8049
59202.809388 8471211260.000000 0.502015 8049
59202.809504 8471211250.000000 0.550849 8049
59202.809620 8471211250.000000 0.521801 8049
59202.809735 8471211240.000000 0.533220 8049
59202.809851 8471211240.000000 0.474295 8049
59202.809967 8471211230.000000 0.561382 8049
59202.810083 8471211230.000000 0.465368 8049
59202.810198 8471211220.000000 0.543054 8049
59202.810314 8471211220.000000 0.468659 8049
59202.810430 8471211210.000000 0.559978 8049
59202.810546 8471211210.000000 0.471013 8049
59202.810661 8471211200.000000 0.559517 8049
59202.810777 8471211200.000000 0.394676 8049
59202.810893 8471211190.000000 0.559652 8049
59202.811009 8471211180.000000 0.402052 8049
59202.811124 8471211180.000000 0.567094 8049
59202.811240 8471211180.000000 0.431019 8049
59202.811356 8471211170.000000 0.569224 8049
59202.811472 8471211160.000000 0.437947 8049
59202.811587 8471211160.000000 0.555773 8049
59202.811703 8471211150.000000 0.443053 8049
59202.811819 8471211150.000000 0.557226 8049
59202.811934 8471211140.000000 0.494201 8049
59202.812050 8471211140.000000 0.510673 8049
59202.812166 8471211130.000000 0.537097 8049
59202.812282 8471211130.000000 0.494752 8049
59202.812397 8471211120.000000 0.546621 8049
59202.812513 8471211120.000000 0.469284 8049
59202.812629 8471211110.000000 0.548507 8049
59202.812745 8471211110.000000 0.391666 8049
59202.812860 8471211100.000000 0.552853 8049
59202.812976 8471211100.000000 0.415740 8049
59202.813092 8471211090.000000 0.559887 8049
59202.813208 8471211080.000000 0.409804 8049
59202.813323 8471211080.000000 0.549865 8049
59202.813439 8471211070.000000 0.443051 8049
59202.813555 8471211070.000000 0.561167 8049
59202.813671 8471211060.000000 0.403389 8049
59202.813786 8471211060.000000 0.566372 8049
59202.813902 8471211050.000000 0.414426 8049
59202.814018 8471211050.000000 0.560792 8049
59202.814134 8471211040.000000 0.452722 8049
59202.814249 8471211040.000000 0.542199 8049
59202.814365 8471211030.000000 0.459969 8049
59202.814481 8471211030.000000 0.544303 8049
59202.814597 8471211020.000000 0.462561 8049
59202.814712 8471211020.000000 0.553202 8049
59202.814828 8471211010.000000 0.433934 8049
59202.814944 8471211010.000000 0.528140 8049
59202.815059 8471211000.000000 0.498964 8049
59202.815175 8471211000.000000 0.551385 8049
59202.815291 8471210990.000000 0.456818 8049
59202.815407 8471210990.000000 0.521336 8049
59202.815522 8471210980.000000 0.463143 8049
59202.815638 8471210980.000000 0.473312 8049
59202.815754 8471210970.000000 0.517784 8049
59202.815870 8471210970.000000 0.499690 8049
59202.815985 8471210960.000000 0.525144 8049
59202.816101 8471210960.000000 0.443514 8049
59202.816217 8471210950.000000 0.535650 8049
59202.816333 8471210950.000000 0.472968 8049
59202.816448 8471210940.000000 0.534479 8049
59202.816564 8471210940.000000 0.409124 8049
59202.816680 8471210930.000000 0.540093 8049
59202.816796 8471210930.000000 0.432052 8049
59202.816911 8471210920.000000 0.532988 8049
59202.817027 8471210910.000000 0.410894 8049
59202.817143 8471210910.000000 0.535677 8049
59202.817259 8471210900.000000 0.386803 8049
59202.817374 8471210900.000000 0.537745 8049
59202.817490 8471210890.000000 0.382214 8049
59202.817606 8471210890.000000 0.534001 8049
59202.817722 8471210880.000000 0.425727 8049
59202.817837 8471210880.000000 0.528851 8049
59202.817953 8471210870.000000 0.397323 8049
59202.818069 8471210870.000000 0.542287 8049
59202.818184 8471210860.000000 0.424223 8049
59202.818300 8471210860.000000 0.513416 8049
59202.818416 8471210850.000000 0.471200 8049
59202.818532 8471210850.000000 0.534181 8049
59202.818647 8471210840.000000 0.435470 8049
59202.818763 8471210840.000000 0.539416 8049
59202.818879 8471210830.000000 0.400309 8049
59202.818995 8471210830.000000 0.540852 8049
59202.819110 8471210830.000000 0.388962 8049
59202.819226 8471210820.000000 0.536548 8049
59202.819342 8471210810.000000 0.389141 8049
59202.819458 8471210810.000000 0.531530 8049
59202.819573 8471210800.000000 0.428345 8049
59202.819689 8471210800.000000 0.535105 8049
59202.819805 8471210800.000000 0.368976 8049
59202.819921 8471210790.000000 0.541908 8049
59202.820036 8471210780.000000 0.400800 8049
59202.820152 8471210780.000000 0.518055 8049
59202.820268 8471210770.000000 0.421735 8049
59202.820384 8471210770.000000 0.525481 8049
59202.820499 8471210760.000000 0.415815 8049
59202.820615 8471210760.000000 0.524727 8049
59202.820731 8471210750.000000 0.405096 8049
59202.820847 8471210750.000000 0.537038 8049
59202.820962 8471210750.000000 0.374067 8049
59202.821078 8471210740.000000 0.526862 8049
59202.821194 8471210730.000000 0.385602 8049
59202.821309 8471210730.000000 0.516200 8049
59202.821425 8471210720.000000 0.428380 8049
59202.821541 8471210720.000000 0.523310 8049
59202.821657 8471210710.000000 0.416060 8049
59202.821772 8471210710.000000 0.529483 8049
59202.821888 8471210700.000000 0.423086 8049
59202.822004 8471210700.000000 0.537098 8049
59202.822120 8471210690.000000 0.369520 8049
59202.822235 8471210690.000000 0.536273 8049
59202.822351 8471210690.000000 0.369325 8049
59202.822467 8471210680.000000 0.535086 8049
59202.822583 8471210670.000000 0.372967 8049
59202.822698 8471210670.000000 0.523252 8049
59202.822814 8471210660.000000 0.420565 8049
59202.822930 8471210660.000000 0.532448 8049
59202.823046 8471210650.000000 0.423143 8049
59202.823161 8471210650.000000 0.520908 8049
59202.823277 8471210640.000000 0.388922 8049
59202.823393 8471210640.000000 0.528628 8049
59202.823509 8471210630.000000 0.375832 8049
59202.823624 8471210630.000000 0.523317 8049
59202.823740 8471210620.000000 0.375722 8049
59202.823856 8471210620.000000 0.526608 8049
59202.823972 8471210620.000000 0.397250 8049
59202.824087 8471210610.000000 0.517957 8049
59202.824203 8471210610.000000 0.377184 8049
59202.824319 8471210600.000000 0.528629 8049
59202.824434 8471210600.000000 0.390574 8049
59202.824550 8471210590.000000 0.499609 8049
59202.824666 8471210590.000000 0.402404 8049
59202.824782 8471210580.000000 0.517974 8049
59202.824897 8471210580.000000 0.404301 8049
59202.825013 8471210570.000000 0.525171 8049
59202.825129 8471210570.000000 0.395560 8049
59202.825245 8471210560.000000 0.506014 8049
59202.825360 8471210560.000000 0.444424 8049
59202.825476 8471210550.000000 0.491731 8049
59202.825592 8471210550.000000 0.469188 8049
59202.825708 8471210540.000000 0.482148 8049
59202.825823 8471210540.000000 0.476304 8049
59202.825939 8471210530.000000 0.468716 8049
59202.826055 8471210530.000000 0.486902 8049
59202.826171 8471210520.000000 0.442257 8049
59202.826286 8471210520.000000 0.522299 8049
59202.826402 8471210510.000000 0.420991 8049
59202.826518 8471210510.000000 0.503734 8049
59202.826634 8471210500.000000 0.366648 8049
59202.826749 8471210500.000000 0.516122 8049
59202.826865 8471210490.000000 0.400473 8049
59202.826981 8471210490.000000 0.501169 8049
59202.827097 8471210480.000000 0.381955 8049
59202.827212 8471210480.000000 0.520122 8049
59202.827328 8471210470.000000 0.378381 8049
59202.827444 8471210470.000000 0.506406 8049
59202.827559 8471210470.000000 0.362651 8049
59202.827675 8471210460.000000 0.507831 8049
59202.827791 8471210460.000000 0.350810 8049
59202.827907 8471210450.000000 0.505914 8049
59202.828022 8471210450.000000 0.389542 8049
59202.828138 8471210440.000000 0.483423 8049
59202.828254 8471210440.000000 0.384204 8049
59202.828370 8471210430.000000 0.506891 8049
59202.828485 8471210430.000000 0.390059 8049
59202.828601 8471210420.000000 0.502727 8049
59202.828717 8471210420.000000 0.453635 8049
59202.828833 8471210410.000000 0.484118 8049
59202.828948 8471210410.000000 0.423090 8049
59202.829064 8471210400.000000 0.469387 8049
59202.829180 8471210400.000000 0.459899 8049
59202.829296 8471210390.000000 0.471757 8049
59202.829411 8471210390.000000 0.483665 8049
59202.829527 8471210380.000000 0.423286 8049
59202.829643 8471210380.000000 0.472981 8049
59202.829759 8471210370.000000 0.399083 8049
59202.829874 8471210370.000000 0.494696 8049
59202.829990 8471210360.000000 0.373943 8049
59202.830106 8471210360.000000 0.504235 8049
59202.830222 8471210360.000000 0.354099 8049
59202.830337 8471210350.000000 0.485319 8049
59202.830453 8471210340.000000 0.380098 8049
59202.830569 8471210340.000000 0.513359 8049
59202.830684 8471210340.000000 0.424966 8049
59202.830800 8471210330.000000 0.492695 8049
59202.830916 8471210330.000000 0.429214 8049
59202.831032 8471210320.000000 0.490004 8049
59202.831147 8471210320.000000 0.435160 8049
59202.831263 8471210310.000000 0.473850 8049
59202.831379 8471210310.000000 0.461947 8049
59202.831495 8471210300.000000 0.445719 8049
59202.831610 8471210300.000000 0.489463 8049
59202.831726 8471210290.000000 0.397526 8049
59202.831842 8471210290.000000 0.492484 8049
59202.831958 8471210280.000000 0.403965 8049
59202.832073 8471210280.000000 0.503089 8049
59202.832189 8471210270.000000 0.380440 8049
59202.832305 8471210270.000000 0.496534 8049
59202.832421 8471210270.000000 0.361104 8049
59202.832536 8471210260.000000 0.503282 8049
59202.832652 8471210260.000000 0.400272 8049
59202.832768 8471210250.000000 0.478057 8049
59202.832884 8471210250.000000 0.392595 8049
59202.832999 8471210240.000000 0.478829 8049
59202.833115 8471210240.000000 0.404633 8049
59202.833231 8471210230.000000 0.483382 8049
59202.833347 8471210230.000000 0.435490 8049
59202.833462 8471210220.000000 0.465195 8049
59202.833578 8471210220.000000 0.464337 8049
59202.833694 8471210210.000000 0.438061 8049
59202.833809 8471210210.000000 0.484260 8049
59202.833925 8471210200.000000 0.372452 8049
59202.834041 8471210200.000000 0.500866 8049
59202.834157 8471210200.000000 0.399869 8049
59202.834272 8471210190.000000 0.471602 8049
59202.834388 8471210190.000000 0.434586 8049
59202.834504 8471210180.000000 0.462542 8049
59202.834620 8471210180.000000 0.415995 8049
59202.834735 8471210170.000000 0.461593 8049
59202.834851 8471210170.000000 0.453648 8049
59202.834967 8471210160.000000 0.411002 8049
59202.835083 8471210160.000000 0.485119 8049
59202.835198 8471210150.000000 0.356256 8049
59202.835314 8471210150.000000 0.496465 8049
59202.835430 8471210140.000000 0.358964 8049
59202.835546 8471210140.000000 0.489976 8049
59202.835661 8471210140.000000 0.368375 8049
59202.835777 8471210130.000000 0.485538 8049
59202.835893 8471210130.000000 0.401169 8049
59202.836009 8471210120.000000 0.478830 8049
59202.836124 8471210120.000000 0.436324 8049
59202.836240 8471210110.000000 0.406807 8049
59202.836356 8471210110.000000 0.474106 8049
59202.836472 8471210100.000000 0.366694 8049
59202.836587 8471210100.000000 0.482559 8049
59202.836703 8471210090.000000 0.354753 8049
59202.836819 8471210090.000000 0.483778 8049
59202.836934 8471210090.000000 0.359879 8049
59202.837050 8471210080.000000 0.462513 8049
59202.837166 8471210080.000000 0.413346 8049
59202.837282 8471210070.000000 0.473364 8049
59202.837397 8471210070.000000 0.459857 8049
59202.837513 8471210060.000000 0.402460 8049
59202.837629 8471210060.000000 0.485197 8049
59202.837745 8471210050.000000 0.363817 8049
59202.837860 8471210050.000000 0.483295 8049
59202.837976 8471210050.000000 0.350009 8049
59202.838092 8471210040.000000 0.483187 8049
59202.838208 8471210040.000000 0.397471 8049
59202.838323 8471210030.000000 0.444723 8049
59202.838439 8471210030.000000 0.430537 8049
59202.838555 8471210020.000000 0.428862 8049
59202.838671 8471210020.000000 0.422458 8049
59202.838786 8471210010.000000 0.401912 8049
59202.838902 8471210010.000000 0.474269 8049
59202.839018 8471210000.000000 0.411088 8049
59202.839134 8471210000.000000 0.472140 8049
59202.839249 8471209990.000000 0.337620 8049
59202.839365 8471209990.000000 0.469416 8049
59202.839481 8471209990.000000 0.375561 8049
59202.839597 8471209980.000000 0.445393 8049
59202.839712 8471209980.000000 0.442489 8049
59202.839828 8471209970.000000 0.409543 8049
59202.839944 8471209970.000000 0.460798 8049
59202.840059 8471209960.000000 0.337502 8049
59202.840175 8471209960.000000 0.471401 8049
59202.840291 8471209960.000000 0.348609 8049
59202.840407 8471209950.000000 0.436339 8049
59202.840522 8471209950.000000 0.426749 8049
59202.840638 8471209940.000000 0.439687 8049
59202.840754 8471209940.000000 0.457647 8049
59202.840870 8471209930.000000 0.385756 8049
59202.840985 8471209930.000000 0.471577 8049
59202.841101 8471209930.000000 0.327611 8049
59202.841217 8471209920.000000 0.474947 8049
59202.841333 8471209920.000000 0.385882 8049
59202.841448 8471209910.000000 0.460968 8049
59202.841564 8471209910.000000 0.426862 8049
59202.841680 8471209900.000000 0.415451 8049
59202.841796 8471209900.000000 0.446417 8049
59202.841911 8471209890.000000 0.341245 8049
59202.842027 8471209890.000000 0.460141 8049
59202.842143 8471209890.000000 0.335597 8049
59202.842259 8471209880.000000 0.465889 8049
59202.842374 8471209880.000000 0.422973 8049
59202.842490 8471209870.000000 0.402861 8049
59202.842606 8471209870.000000 0.462984 8049
59202.842722 8471209860.000000 0.353341 8049
59202.842837 8471209860.000000 0.465434 8049
59202.842953 8471209860.000000 0.379983 8049
59202.843069 8471209850.000000 0.455953 8049
59202.843184 8471209850.000000 0.450780 8049
59202.843300 8471209840.000000 0.382022 8049
59202.843416 8471209840.000000 0.464517 8049
59202.843532 8471209830.000000 0.368235 8049
59202.843647 8471209830.000000 0.472851 8049
59202.843763 8471209830.000000 0.328148 8049
59202.843879 8471209820.000000 0.455593 8049
59202.843995 8471209820.000000 0.441928 8049
59202.844110 8471209810.000000 0.403733 8049
59202.844226 8471209810.000000 0.450396 8049
59202.844342 8471209800.000000 0.335568 8049
59202.844458 8471209800.000000 0.462545 8049
59202.844573 8471209800.000000 0.384981 8049
59202.844689 8471209790.000000 0.459794 8049
59202.844805 8471209790.000000 0.412402 8049
59202.844921 8471209780.000000 0.424723 8049
59202.845036 8471209780.000000 0.426066 8049
59202.845152 8471209770.000000 0.397873 8049
59202.845268 8471209770.000000 0.432969 8049
59202.845384 8471209760.000000 0.361767 8049
59202.845499 8471209760.000000 0.464950 8049
59202.845615 8471209760.000000 0.384664 8049
59202.845731 8471209750.000000 0.435756 8049
59202.845847 8471209750.000000 0.401966 8049
59202.845962 8471209740.000000 0.413494 8049
59202.846078 8471209740.000000 0.444960 8049
59202.846194 8471209730.000000 0.344194 8049
59202.846309 8471209730.000000 0.455686 8049
59202.846425 8471209730.000000 0.346108 8049
59202.846541 8471209720.000000 0.433407 8049
59202.846657 8471209720.000000 0.432372 8049
59202.846772 8471209710.000000 0.364073 8049
59202.846888 8471209710.000000 0.450898 8049
59202.847004 8471209700.000000 0.318692 8049
59202.847120 8471209700.000000 0.444140 8049
59202.847235 8471209700.000000 0.371251 8049
59202.847351 8471209690.000000 0.384202 8049
59202.847467 8471209690.000000 0.427821 8049
59202.847583 8471209680.000000 0.356058 8049
59202.847698 8471209680.000000 0.447607 8049
59202.847814 8471209670.000000 0.349865 8049
59202.847930 8471209670.000000 0.458253 8049
59202.848046 8471209670.000000 0.382549 8049
59202.848161 8471209660.000000 0.436012 8049
59202.848277 8471209660.000000 0.418631 8049
59202.848393 8471209650.000000 0.382595 8049
59202.848509 8471209650.000000 0.456868 8049
59202.848624 8471209650.000000 0.343016 8049
59202.848740 8471209640.000000 0.435618 8049
59202.848856 8471209640.000000 0.398583 8049
59202.848972 8471209630.000000 0.350367 8049
59202.849087 8471209630.000000 0.449401 8049
59202.849203 8471209630.000000 0.360683 8049
59202.849319 8471209620.000000 0.428249 8049
59202.849434 8471209620.000000 0.395674 8049
59202.849550 8471209610.000000 0.418864 8049
59202.849666 8471209610.000000 0.426253 8049
59202.849782 8471209610.000000 0.314973 8049
59202.849897 8471209600.000000 0.436250 8049
59202.850013 8471209600.000000 0.344162 8049
59202.850129 8471209590.000000 0.400889 8049
59202.850245 8471209590.000000 0.403853 8049
59202.850360 8471209580.000000 0.364667 8049
59202.850476 8471209580.000000 0.428858 8049
59202.850592 8471209580.000000 0.323558 8049
59202.850708 8471209570.000000 0.416972 8049
59202.850823 8471209570.000000 0.397282 8049
59202.850939 8471209560.000000 0.387037 8049
59202.851055 8471209560.000000 0.412281 8049
59202.851171 8471209550.000000 0.334589 8049
59202.851286 8471209550.000000 0.442502 8049
59202.851402 8471209550.000000 0.356262 8049
59202.851518 8471209540.000000 0.413017 8049
59202.851634 8471209540.000000 0.431360 8049
59202.851749 8471209530.000000 0.378102 8049
59202.851865 8471209530.000000 0.435980 8049
59202.851981 8471209530.000000 0.363455 8049
59202.852097 8471209520.000000 0.421017 8049
59202.852212 8471209520.000000 0.417234 8049
59202.852328 8471209510.000000 0.348985 8049
59202.852444 8471209510.000000 0.430431 8049
59202.852559 8471209510.000000 0.330749 8049
59202.852675 8471209500.000000 0.419536 8049
59202.852791 8471209500.000000 0.360904 8049
59202.852907 8471209490.000000 0.378532 8049
59202.853022 8471209490.000000 0.419460 8049
59202.853138 8471209480.000000 0.297128 8049
59202.853254 8471209480.000000 0.424438 8049
59202.853370 8471209480.000000 0.365223 8049
59202.853485 8471209470.000000 0.371022 8049
59202.853601 8471209470.000000 0.428303 8049
59202.853717 8471209460.000000 0.293079 8049
59202.853833 8471209460.000000 0.435234 8049
59202.853948 8471209460.000000 0.362734 8049
59202.854064 8471209450.000000 0.374055 8049
59202.854180 8471209450.000000 0.419789 8049
59202.854296 8471209440.000000 0.304947 8049
59202.854411 8471209440.000000 0.412992 8049
59202.854527 8471209440.000000 0.381239 8049
59202.854643 8471209430.000000 0.357866 8049
59202.854759 8471209430.000000 0.422207 8049
59202.854874 8471209430.000000 0.315925 8049
59202.854990 8471209420.000000 0.425612 8049
59202.855106 8471209420.000000 0.349370 8049
59202.855222 8471209410.000000 0.370363 8049
59202.855337 8471209410.000000 0.399574 8049
59202.855453 8471209400.000000 0.338064 8049
59202.855569 8471209400.000000 0.422987 8049
59202.855684 8471209400.000000 0.327486 8049
59202.855800 8471209390.000000 0.391919 8049
59202.855916 8471209390.000000 0.404716 8049
59202.856032 8471209390.000000 0.307058 8049
59202.856147 8471209380.000000 0.403062 8049
59202.856263 8471209380.000000 0.327570 8049
59202.856379 8471209370.000000 0.380458 8049
59202.856495 8471209370.000000 0.414449 8049
59202.856610 8471209360.000000 0.302295 8049
59202.856726 8471209360.000000 0.413818 8049
59202.856842 8471209360.000000 0.333026 8049
59202.856958 8471209350.000000 0.374326 8049
59202.857073 8471209350.000000 0.391103 8049
59202.857189 8471209340.000000 0.301213 8049
59202.857305 8471209340.000000 0.409360 8049
59202.857421 8471209340.000000 0.299665 8049
59202.857536 8471209330.000000 0.394558 8049
59202.857652 8471209330.000000 0.395175 8049
59202.857768 8471209320.000000 0.298384 8049
59202.857884 8471209320.000000 0.403181 8049
59202.857999 8471209320.000000 0.306463 8049
59202.858115 8471209310.000000 0.384919 8049
59202.858231 8471209310.000000 0.357201 8049
59202.858347 8471209300.000000 0.347572 8049
59202.858462 8471209300.000000 0.392424 8049
59202.858578 8471209300.000000 0.317324 8049
59202.858694 8471209290.000000 0.393037 8049
59202.858809 8471209290.000000 0.379025 8049
59202.858925 8471209280.000000 0.316979 8049
59202.859041 8471209280.000000 0.406467 8049
59202.859157 8471209280.000000 0.331318 8049
59202.859272 8471209270.000000 0.366294 8049
59202.859388 8471209270.000000 0.373215 8049
59202.859504 8471209260.000000 0.300445 8049
59202.859620 8471209260.000000 0.399571 8049
59202.859735 8471209260.000000 0.341521 8049
59202.859851 8471209250.000000 0.376008 8049
59202.859967 8471209250.000000 0.388219 8049
59202.860083 8471209240.000000 0.296179 8049
59202.860198 8471209240.000000 0.390840 8049
59202.860314 8471209240.000000 0.360359 8049
59202.860430 8471209230.000000 0.328511 8049
59202.860546 8471209230.000000 0.391777 8049
59202.860661 8471209230.000000 0.295766 8049
59202.860777 8471209220.000000 0.399789 8049
59202.860893 8471209220.000000 0.357081 8049
59202.861009 8471209210.000000 0.319314 8049
59202.861124 8471209210.000000 0.385980 8049
59202.861240 8471209210.000000 0.318693 8049
59202.861356 8471209200.000000 0.351116 8049
59202.861472 8471209200.000000 0.382654 8049
59202.861587 8471209200.000000 0.305890 8049
59202.861703 8471209190.000000 0.371979 8049
59202.861819 8471209190.000000 0.379869 8049
59202.861934 8471209180.000000 0.340937 8049
59202.862050 8471209180.000000 0.387931 8049
59202.862166 8471209180.000000 0.286967 8049
59202.862282 8471209170.000000 0.376261 8049
59202.862397 8471209170.000000 0.358021 8049
59202.862513 8471209160.000000 0.337473 8049
59202.862629 8471209160.000000 0.386697 8049
59202.862745 8471209160.000000 0.307044 8049
59202.862860 8471209150.000000 0.351526 8049
59202.862976 8471209150.000000 0.390516 8049
59202.863092 8471209140.000000 0.266468 8049
59202.863208 8471209140.000000 0.383912 8049
59202.863323 8471209140.000000 0.328317 8049
59202.863439 8471209130.000000 0.337900 8049
59202.863555 8471209130.000000 0.383226 8049
59202.863671 8471209130.000000 0.296208 8049
59202.863786 8471209120.000000 0.341770 8049
59202.863902 8471209120.000000 0.371882 8049
59202.864018 8471209110.000000 0.262044 8049
59202.864134 8471209110.000000 0.381223 8049
59202.864249 8471209110.000000 0.355068 8049
59202.864365 8471209100.000000 0.342872 8049
59202.864481 8471209100.000000 0.373075 8049
59202.864597 8471209100.000000 0.263893 8049
59202.864712 8471209090.000000 0.378803 8049
59202.864828 8471209090.000000 0.371674 8049
59202.864944 8471209080.000000 0.309118 8049
59202.865059 8471209080.000000 0.381604 8049
59202.865175 8471209080.000000 0.313485 8049
59202.865291 8471209070.000000 0.316574 8049
59202.865407 8471209070.000000 0.383264 8049
59202.865522 8471209070.000000 0.278418 8049
59202.865638 8471209060.000000 0.381355 8049
59202.865754 8471209060.000000 0.422844 8049
59202.865870 8471209050.000000 0.364846 8049
59202.865985 8471209050.000000 0.446643 8049
59202.866101 8471209050.000000 0.394956 8049
59202.866217 8471209040.000000 0.371143 8049
59202.866333 8471209040.000000 0.469151 8049
59202.866448 8471209040.000000 0.286836 8049
59202.866564 8471209030.000000 0.068194 8049
59202.866680 8471209030.000000 0.081612 8049
59202.866796 8471209030.000000 0.300677 8049
59202.866911 8471209020.000000 0.522615 8049
59202.867027 8471209020.000000 0.546381 8049
59202.867143 8471209010.000000 0.435280 8049
59202.867259 8471209010.000000 0.615539 8049
59202.867374 8471209010.000000 0.511464 8049
59202.867490 8471209000.000000 0.470665 8049
59202.867606 8471209000.000000 0.390916 8049
59202.867722 8471209000.000000 0.314011 8049
59202.867837 8471208990.000000 0.535763 8049
59202.867953 8471208990.000000 0.582202 8049
59202.868069 8471208980.000000 0.407501 8049
59202.868184 8471208980.000000 0.559582 8049
59202.868300 8471208980.000000 0.509105 8049
59202.868416 8471208970.000000 0.495221 8049
59202.868532 8471208970.000000 0.586877 8049
59202.868647 8471208970.000000 0.499102 8049
59202.868763 8471208960.000000 0.510489 8049
59202.868879 8471208960.000000 0.588688 8049
59202.868995 8471208960.000000 0.424189 8049
59202.869110 8471208950.000000 0.505539 8049
59202.869226 8471208950.000000 0.578744 8049
59202.869342 8471208950.000000 0.413066 8049
59202.869458 8471208940.000000 0.533367 8049
59202.869573 8471208940.000000 0.569720 8049
59202.869689 8471208940.000000 0.465677 8049
59202.869805 8471208930.000000 0.548888 8049
59202.869921 8471208930.000000 0.587485 8049
59202.870036 8471208930.000000 0.405968 8049
59202.870152 8471208920.000000 0.570064 8049
59202.870268 8471208920.000000 0.502527 8049
59202.870384 8471208910.000000 0.477273 8049
59202.870499 8471208910.000000 0.581440 8049
59202.870615 8471208910.000000 0.469012 8049
59202.870731 8471208900.000000 0.537793 8049
59202.870847 8471208900.000000 0.586100 8049
59202.870962 8471208900.000000 0.409049 8049
59202.871078 8471208890.000000 0.579220 8049
59202.871194 8471208890.000000 0.575935 8049
59202.871309 8471208890.000000 0.425614 8049
59202.871425 8471208880.000000 0.548618 8049
59202.871541 8471208880.000000 0.566831 8049
59202.871657 8471208880.000000 0.430802 8049
59202.871772 8471208870.000000 0.540033 8049
59202.871888 8471208870.000000 0.584070 8049
59202.872004 8471208870.000000 0.409454 8049
59202.872120 8471208860.000000 0.559924 8049
59202.872235 8471208860.000000 0.558451 8049
59202.872351 8471208850.000000 0.435381 8049
59202.872467 8471208850.000000 0.554864 8049
59202.872583 8471208850.000000 0.557158 8049
59202.872698 8471208840.000000 0.445367 8049
59202.872814 8471208840.000000 0.562529 8049
59202.872930 8471208840.000000 0.567094 8049
59202.873046 8471208830.000000 0.425166 8049
59202.873161 8471208830.000000 0.570519 8049
59202.873277 8471208830.000000 0.580750 8049
59202.873393 8471208830.000000 0.453448 8049
59202.873509 8471208820.000000 0.569857 8049
59202.873624 8471208820.000000 0.562387 8049
59202.873740 8471208820.000000 0.410737 8049
59202.873856 8471208810.000000 0.557541 8049
59202.873972 8471208810.000000 0.568287 8049
59202.874087 8471208800.000000 0.417085 8049
59202.874203 8471208800.000000 0.577501 8049
59202.874319 8471208800.000000 0.571251 8049
59202.874434 8471208800.000000 0.397176 8049
59202.874550 8471208790.000000 0.553611 8049
59202.874666 8471208790.000000 0.522613 8049
59202.874782 8471208780.000000 0.400809 8049
59202.874897 8471208780.000000 0.583038 8049
59202.875013 8471208780.000000 0.490409 8049
59202.875129 8471208770.000000 0.439887 8049
59202.875245 8471208770.000000 0.575138 8049
59202.875360 8471208770.000000 0.513368 8049
59202.875476 8471208770.000000 0.376456 8049
59202.875592 8471208760.000000 0.421976 8049
59202.875708 8471208760.000000 0.327263 8049
59202.875823 8471208750.000000 0.206133 8049
59202.875939 8471208750.000000 0.187355 8049
59202.876055 8471208750.000000 0.125849 8049
59202.876171 8471208740.000000 0.065599 8049
59202.876286 8471208740.000000 0.057250 8049
59202.876402 8471208740.000000 0.034687 8049
59202.876518 8471208740.000000 0.015351 8049
59202.876634 8471208730.000000 0.013176 8049
59202.876749 8471208730.000000 0.009793 8049
59202.876865 8471208730.000000 0.004800 8049
59202.876981 8471208720.000000 0.004201 8049
59202.877097 8471208720.000000 0.002599 8049
59202.877212 8471208720.000000 0.001424 8049
59202.878370 8471208680.000000 0.001296 8049
