#(EKa) Edgar Kaiser: Change5
Date (UTC).ddddd   RA             Dec           delta  r     elong Gal_Lon  Gal_Lat   alt  az Mal Maz
---- -----------  ------------   ------------  ------ ------ ----- -------- --------  --- --- --- ---
2021 11 21.99745  06 59 40.149   +25 26 30.53  632704 0.9908 136.1 190.7717  12.9880 +51 125 +58 149
2021 11 22.03912  07 01 12.326   +25 25 17.84  638094 0.9908 135.8 190.9358  13.2965 +57 145 +61 174
2021 11 22.08080  07 02 40.811   +25 23 29.95  643709 0.9908 135.5 191.1028  13.5888 +61 170 +60 201
2021 11 22.12246  07 04 07.113   +25 21 06.17  649563 0.9908 135.2 191.2754  13.8699 +60 197 +55 224
2021 11 22.16414  07 05 32.728   +25 18 08.04  655652 0.9908 134.9 191.4556  14.1453 +56 221 +48 243
2021 11 22.20580  07 06 59.040   +25 14 39.22  661961 0.9908 134.6 191.6448  14.4201 +49 240 +40 257
2021 11 22.24747  07 08 27.228   +25 10 45.14  668460 0.9908 134.3 191.8432  14.6991 +41 255 +32 270
2021 11 22.28915  07 09 58.197   +25 06 32.65  675109 0.9908 134.0 192.0507  14.9863 +33 268 +24 281
2021 11 22.33081  07 11 32.530   +25 02 09.45  681859 0.9908 133.7 192.2659  15.2845 +24 280 +15 292
2021 11 22.37248  07 13 10.459   +24 57 43.66  688654 0.9908 133.4 192.4872  15.5955 +16 291 +08 303
2021 11 22.41415  07 14 51.865   +24 53 23.16  695440 0.9908 133.0 192.7122  15.9197 +08 302 +01 315
2021 11 22.45582  07 16 36.299   +24 49 15.22  702161 0.9908 132.7 192.9382  16.2566 +01 313 -04 326
2021 11 22.49750  07 18 23.025   +24 45 26.03  708767 0.9908 132.3 193.1625  16.6041 -04 325 -08 339
2021 11 22.53916  07 20 11.072   +24 42 00.33  715218 0.9908 131.9 193.3822  16.9594 -08 338 -10 352
2021 11 22.58083  07 21 59.305   +24 39 01.29  721484 0.9908 131.6 193.5947  17.3188 -11 351 -10 005
2021 11 22.62251  07 23 46.501   +24 36 30.25  727547 0.9908 131.2 193.7977  17.6781 -11 005 -08 018
2021 11 22.66417  07 25 31.420   +24 34 26.77  733404 0.9908 130.8 193.9895  18.0329 -09 018 -05 031
2021 11 22.70585  07 27 12.891   +24 32 48.69  739067 0.9908 130.5 194.1689  18.3787 -06 031 +00 043
2021 11 22.74751  07 28 49.878   +24 31 32.23  744559 0.9908 130.2 194.3353  18.7114 -01 043 +06 054
2021 11 22.78918  07 30 21.549   +24 30 32.29  749917 0.9908 129.9 194.4889  19.0275 +06 055 +14 065
2021 11 22.83086  07 31 47.324   +24 29 42.75  755187 0.9908 129.6 194.6305  19.3243 +13 066 +22 076
2021 11 22.87252  07 33 06.919   +24 28 56.85  760423 0.9908 129.3 194.7616  19.5999 +21 077 +30 087
2021 11 22.91420  07 34 20.365   +24 28 07.63  765679 0.9908 129.1 194.8843  19.8537 +30 089 +39 099
2021 11 22.95586  07 35 28.006   +24 27 08.39  771014 0.9908 128.9 195.0010  20.0863 +38 101 +47 113
2021 11 22.99753  07 36 30.483   +24 25 53.14  776478 0.9908 128.7 195.1142  20.2991 +46 116 +54 130
2021 11 23.03921  07 37 28.687   +24 24 17.01  782115 0.9908 128.5 195.2269  20.4949 +53 134 +59 152
2021 11 23.08087  07 38 23.706   +24 22 16.61  787960 0.9908 128.3 195.3414  20.6771 +58 156 +62 179
2021 11 23.12254  07 39 16.746   +24 19 50.22  794033 0.9908 128.2 195.4602  20.8499 +60 183 +60 206
2021 11 23.16422  07 40 09.052   +24 16 57.94  800340 0.9908 128.0 195.5852  21.0176 +57 209 +55 228
2021 11 23.20588  07 41 01.822   +24 13 41.63  806872 0.9908 127.8 195.7175  21.1847 +52 230 +47 246
2021 11 23.24756  07 41 56.127   +24 10 04.77  813605 0.9908 127.7 195.8578  21.3553 +45 247 +39 260
2021 11 23.28922  07 42 52.841   +24 06 12.16  820504 0.9908 127.5 196.0062  21.5331 +36 261 +31 272
2021 11 23.33089  07 43 52.590   +24 02 09.58  827522 0.9908 127.3 196.1618  21.7209 +28 273 +22 283
2021 11 23.37257  07 44 55.716   +23 58 03.34  834604 0.9908 127.1 196.3236  21.9206 +19 285 +14 294
2021 11 23.41423  07 46 02.263   +23 53 59.87  841694 0.9908 126.9 196.4898  22.1329 +11 296 +07 305
2021 11 23.45591  07 47 11.988   +23 50 05.29  848733 0.9908 126.6 196.6582  22.3577 +04 307 +00 316
2021 11 23.49757  07 48 24.380   +23 46 25.02  855667 0.9908 126.4 196.8266  22.5937 -03 319 -05 328
2021 11 23.53924  07 49 38.705   +23 43 03.46  862451 0.9908 126.2 196.9927  22.8387 -08 332 -08 341
2021 11 23.58092  07 50 54.058   +23 40 03.77  869048 0.9908 125.9 197.1542  23.0897 -11 345 -10 354
2021 11 23.62258  07 52 09.424   +23 37 27.71  875435 0.9908 125.7 197.3091  23.3434 -12 359 -10 007
2021 11 23.66425  07 53 23.744   +23 35 15.53  881603 0.9908 125.4 197.4556  23.5960 -11 013 -08 020
2021 11 23.70592  07 54 35.985   +23 33 26.03  887558 0.9908 125.2 197.5927  23.8436 -08 026 -05 033
2021 11 23.74759  07 55 45.202   +23 31 56.62  893319 0.9908 124.9 197.7196  24.0825 -04 039 +01 044
2021 11 23.78927  07 56 50.598   +23 30 43.52  898920 0.9908 124.7 197.8363  24.3094 +02 051 +07 056
2021 11 23.83093  07 57 51.580   +23 29 41.98  904406 0.9909 124.6 197.9431  24.5219 +09 063 +14 067
2021 11 23.87260  07 58 47.789   +23 28 46.59  909828 0.9909 124.4 198.0411  24.7179 +17 074 +23 078
2021 11 23.91428  07 59 39.131   +23 27 51.63  915245 0.9909 124.2 198.1319  24.8967 +26 085 +31 089
2021 11 23.95594  08 00 25.784   +23 26 51.44  920715 0.9909 124.1 198.2173  25.0582 +34 098 +39 101
