2459540.49746 0.041670 48 0,149597870.700000,86400.000000 (EKa) Edgar Kaiser: Change5
2459540.49746       -96931.6372358       355389.5923386       176918.9651390      -0.8266594112544     -0.1532642070509      0.0037936733334
2459540.53913       -99868.4598440       354948.5744791       176925.7434277      -0.8078068424101     -0.0910471751446     -0.0000187530789
2459540.58080      -102770.5625027       354735.9951947       176918.9071721      -0.8074427265528     -0.0271764593064     -0.0037691640045
2459540.62247      -105704.5022246       354749.0272787       176898.6799946      -0.8253500620873      0.0334795603067     -0.0074578148365
2459540.66414      -108733.7760451       354967.6188638       176865.2798030      -0.8600557208135      0.0862757985645     -0.0110876051747
2459540.70581      -111914.4550702       355355.8783867       176818.9095959      -0.9089314472382      0.1271088178761     -0.0146638701689
2459540.74748      -115291.3280949       355864.5451697       176759.7493132      -0.9683740191685      0.1526980675481     -0.0181940079797
2459540.78915      -118894.8180586       356434.3762328       176687.9493018      -1.0340522225874      0.1608107161849     -0.0216869657853
2459540.83082      -122738.8834977       357000.2173067       176603.6258294      -1.1012037185843      0.1504146955277     -0.0251526180218
2459540.87249      -126820.0485225       357495.4790303       176506.8589562      -1.1649614574380      0.1217494412386     -0.0286010852923
2459540.91416      -131117.6273119       357856.7114942       176397.6929198      -1.2206872618753      0.0763095041362     -0.0320420338215
2459540.95583      -135595.1288399       358027.9637743       176276.1389811      -1.2642897344182      0.0167421407830     -0.0354840069390
2459540.99750      -140202.7442355       357964.6295374       176142.1805647      -1.2925046860386     -0.0533340918763     -0.0389338364196
2459541.03917      -144880.7473951       357636.5152745       175995.7803139      -1.3031188788151     -0.1295773017107     -0.0423961674462
2459541.08084      -149563.5755151       357029.9208562       175836.8885831      -1.2951217480969     -0.2072198117651     -0.0458731379009
2459541.12251      -154184.3092172       356148.5898132       175665.4528013      -1.2687746993290     -0.2813948761654     -0.0493642271357
2459541.16418      -158679.2463110       355013.4642333       175481.4270353      -1.2255932400950     -0.3474701939097     -0.0528662888468
2459541.20585      -162992.2552194       353661.2609980       175284.7811058      -1.1682431630463     -0.4013653615847     -0.0563737636386
2459541.24752      -167078.6092582       352141.9671293       175075.5086552      -1.1003579045065     -0.4398314919523     -0.0598790575563
2459541.28919      -170908.0402041       350515.4255348       174853.6335587      -1.0262895811697     -0.4606738653886     -0.0633730609196
2459541.33086      -174466.8004737       348847.2455682       174619.2143028      -0.9508107846381     -0.4629023255168     -0.0668457704644
2459541.37253      -177758.5937513       347204.3182633       174372.3459752      -0.8787875523889     -0.4467991351479     -0.0702869741651
2459541.41420      -180804.3097689       345650.2437365       174113.1597474      -0.8148459345349     -0.4138996292481     -0.0736869498667
2459541.45587      -183640.5811252       344240.9843024       173841.8199141      -0.7630550143957     -0.3668869976403     -0.0770371316766
2459541.49754      -186317.2618883       343021.0407567       173558.5186219      -0.7266480868421     -0.3094084000514     -0.0803306965439
2459541.53921      -188893.9998274       342020.4143903       173263.4687315      -0.7078011245382     -0.2458250296958     -0.0835630321996
2459541.58088      -191436.1378446       341252.5624469       172956.8952300      -0.7074836929611     -0.1809132351068     -0.0867320545489
2459541.62255      -194010.2253347       340713.4874434       172639.0258061      -0.7253925473970     -0.1195371944994     -0.0898383507294
2459541.66422      -196679.4467164       340382.0227012       172310.0812673      -0.7599724533273     -0.0663155773541     -0.0928851408329
2459541.70589      -199499.2809606       340221.2944040       171970.2663926      -0.8085228058085     -0.0253050263120     -0.0958780584491
2459541.74756      -202513.6893368       340181.2601004       171619.7618757      -0.8673827450750      0.0002778464225     -0.0988247674844
2459541.78923      -205752.0922932       340202.1496487       171258.7179481      -0.9321820709428      0.0082768834641     -0.1017344381890
2459541.83090      -209227.3434525       340218.5727702       170887.2500248      -0.9981407780407     -0.0022558547796     -0.1046171220262
2459541.87257      -212934.8385684       340164.0117354       170505.4367834      -1.0603966644979     -0.0309951383361     -0.1074830651206
2459541.91424      -216852.8213487       339975.3912939       170113.3207121      -1.1143385812073     -0.0763648614395     -0.1103420100135
2459541.95591      -220943.8648941       339597.4126428       169710.9111237      -1.1559224724295     -0.1356460661707     -0.1132025309803
2459541.99758      -225157.4267458       338986.3544710       169298.1894738      -1.1819485501168     -0.2051632803853     -0.1160714494490
2459542.03925      -229433.3034859       338113.0804787       168875.1165093      -1.1902806124357     -0.2805364112103     -0.1189533715751
2459542.08092      -233705.7469520       336965.0474592       168441.6408885      -1.1799924736610     -0.3569809302341     -0.1218503758070
2459542.12259      -237907.9609169       335547.1761068       167997.7085693      -1.1514314669504     -0.4296357668191     -0.1247618755019
2459542.16426      -241976.6697535       333881.5249423       167543.2723647      -1.1061946723146     -0.4938964587401     -0.1276846628964
2459542.20593      -245856.4454776       332005.7898968       167078.3010614      -1.0470195011248     -0.5457307050148     -0.1306131349478
2459542.24760      -249503.4977680       329970.7319454       166602.7873503      -0.9775961245474     -0.5819547233790     -0.1335396806984
2459542.28927      -252888.6658992       327836.7096187       166116.7541772      -0.9023146184574     -0.6004514433833     -0.1364552096334
2459542.33094      -255999.4086433       325669.5535428       165620.2589499      -0.8259641335729     -0.6003156097355     -0.1393497795150
2459542.37261      -258840.6552764       323536.0659005       165113.3953611      -0.7534047168011     -0.5819158326296     -0.1422132836013
2459542.41428      -261434.4591238       321499.4534783       164596.2927538      -0.6892342821366     -0.5468693426167     -0.1450361485646
2459542.45595      -263818.4779967       319615.0068333       164069.1129737      -0.6374735336140     -0.4979311758136     -0.1478099973010
