59191.498422	8486313500.000	3.326281	8049
59191.498434	8486313500.000	2.523263	8049
59191.498446	8486313500.000	2.924545	8049
59191.498469	8486313400.000	4.110014	8049
59191.498631	8486313100.000	2.467112	8049
59191.498665	8486312900.000	2.429122	8049
59191.498700	8486312900.000	3.921206	8049
59191.498746	8486312800.000	3.985446	8049
59191.498839	8486312600.000	3.332868	8049
59191.498862	8486312500.000	2.789135	8049
59191.498897	8486312400.000	2.966116	8049
59191.498943	8486312300.000	2.870740	8049
59191.498966	8486312200.000	3.376946	8049
59191.499047	8486312100.000	3.384798	8049
59191.499105	8486311900.000	4.127817	8049
59191.499128	8486311900.000	4.640933	8049
59191.499198	8486311700.000	2.920007	8049
59191.499244	8486311600.000	3.918443	8049
59191.499256	8486311600.000	3.650632	8049
59191.499279	8486311600.000	3.456038	8049
59191.499290	8486311500.000	3.584246	8049
59191.499302	8486311500.000	3.017328	8049
59191.499314	8486311300.000	2.610483	8049
59191.499325	8486311500.000	2.337403	8049
59191.499360	8486311300.000	2.920928	8049
59191.499406	8486311300.000	3.350438	8049
59191.499452	8486311100.000	4.093933	8049
59191.499476	8486311100.000	3.352585	8049
59191.499522	8486311000.000	4.466887	8049
59191.499591	8486310900.000	3.045097	8049
59191.499603	8486310800.000	2.560837	8049
59191.499638	8486310700.000	3.882770	8049
59191.499649	8486310700.000	3.383434	8049
59191.499661	8486310600.000	2.894444	8049
59191.499672	8486310600.000	4.465185	8049
59191.499707	8486310500.000	4.227102	8049
59191.499719	8486310500.000	2.251314	8049
59191.499753	8486310500.000	3.479137	8049
59191.499800	8486310300.000	4.448118	8049
59191.499823	8486310100.000	3.306957	8049
59191.499834	8486310200.000	2.739928	8049
59191.499858	8486310200.000	2.581618	8049
59191.499939	8486309900.000	3.429925	8049
59191.499950	8486309900.000	3.886883	8049
59191.499973	8486309900.000	4.749075	8049
59191.500054	8486309700.000	3.492326	8049
59191.500089	8486309600.000	2.718605	8049
59191.500101	8486309600.000	5.309154	8049
59191.500158	8486309400.000	2.876002	8049
59191.500182	8486309400.000	3.732678	8049
59191.500228	8486309300.000	2.921350	8049
59191.500240	8486309300.000	3.610285	8049
59191.500286	8486309100.000	3.450122	8049
59191.500344	8486309000.000	3.680393	8049
59191.500355	8486308900.000	2.804038	8049
59191.500402	8486308800.000	2.987402	8049
59191.500448	8486308700.000	3.250918	8049
59191.500459	8486308700.000	2.820204	8049
59191.500483	8486308600.000	4.478319	8049
59191.500529	8486308500.000	3.230448	8049
59191.500656	8486308200.000	2.362385	8049
59191.500726	8486308000.000	3.061865	8049
59191.500737	8486308000.000	4.592263	8049
59191.500841	8486307700.000	5.320739	8049
59191.500853	8486307700.000	2.719737	8049
59191.500865	8486307700.000	2.287391	8049
59191.500876	8486307600.000	3.803087	8049
59191.500899	8486307600.000	3.661479	8049
59191.500922	8486307500.000	3.075666	8049
59191.500992	8486307300.000	3.083522	8049
59191.501015	8486307300.000	2.865580	8049
59191.501027	8486307200.000	3.647331	8049
59191.501061	8486307200.000	2.660797	8049
59191.501073	8486307100.000	4.338307	8049
59191.501119	8486307100.000	5.351449	8049
59191.501177	8486306800.000	3.277642	8049
59191.501246	8486306700.000	3.169650	8049
59191.501258	8486306500.000	2.376472	8049
59191.501270	8486306600.000	2.624428	8049
59191.501281	8486306600.000	4.108214	8049
59191.501293	8486306500.000	3.520713	8049
59191.501327	8486306400.000	2.404841	8049
59191.501351	8486306400.000	3.037559	8049
59191.501420	8486306200.000	4.814582	8049
59191.501432	8486306200.000	3.315474	8049
59191.501490	8486306100.000	2.520290	8049
59191.501501	8486306000.000	3.552528	8049
59191.501513	8486306000.000	3.334053	8049
59191.501524	8486306000.000	4.115178	8049
59191.501605	8486305700.000	2.686145	8049
59191.501721	8486305400.000	2.411111	8049
59191.501733	8486305400.000	2.563135	8049
59191.501767	8486305300.000	3.751624	8049
59191.501814	8486305200.000	2.550588	8049
59191.501860	8486305100.000	3.915537	8049
59191.501871	8486305000.000	2.179137	8049
59191.501883	8486305100.000	2.928937	8049
59191.501941	8486304800.000	3.159892	8049
59191.502034	8486304600.000	4.726451	8049
59191.502057	8486304400.000	4.120266	8049
59191.502091	8486304400.000	3.142125	8049
59191.502126	8486304300.000	5.805802	8049
59191.502172	8486304200.000	4.608857	8049
59191.502184	8486304200.000	3.367707	8049
59191.502207	8486304000.000	2.812351	8049
59191.502219	8486304100.000	2.938684	8049
59191.502230	8486304000.000	2.096376	8049
59191.502392	8486303600.000	2.718270	8049
59191.502404	8486303600.000	3.101998	8049
59191.502439	8486303500.000	3.734508	8049
59191.502450	8486303500.000	2.376353	8049
59191.502496	8486303300.000	4.255940	8049
59191.502531	8486303200.000	2.700860	8049
59191.502543	8486303200.000	3.897844	8049
59191.502554	8486303100.000	4.036019	8049
59191.502577	8486303100.000	4.677003	8049
59191.502589	8486303100.000	3.027430	8049
59191.502693	8486302800.000	2.931411	8049
59191.502774	8486302600.000	2.900625	8049
59191.502821	8486302600.000	2.549373	8049
59191.502890	8486302300.000	3.877373	8049
59191.502902	8486302200.000	2.613925	8049
59191.502925	8486302200.000	4.555151	8049
59191.502959	8486302100.000	3.371536	8049
59191.502983	8486302000.000	3.640197	8049
59191.502994	8486302000.000	2.795891	8049
59191.503017	8486301900.000	2.667472	8049
59191.503156	8486301600.000	2.537463	8049
59191.503353	8486301000.000	3.689652	8049
59191.503365	8486301000.000	2.869849	8049
59191.503422	8486300800.000	2.643374	8049
59191.503538	8486300500.000	2.773597	8049
59191.503596	8486300300.000	2.788183	8049
59191.503608	8486300200.000	3.025121	8049
59191.503631	8486300100.000	2.916310	8049
59191.503665	8486300100.000	4.542049	8049
59191.503677	8486300100.000	4.023063	8049
59191.503700	8486300000.000	2.672884	8049
59191.503712	8486300000.000	4.835280	8049
59191.503723	8486299900.000	2.402961	8049
59191.503735	8486299900.000	2.848014	8049
59191.503816	8486299700.000	2.951388	8049
59191.503827	8486299600.000	3.766618	8049
59191.503839	8486299700.000	2.996366	8049
59191.503874	8486299500.000	2.660961	8049
59191.503885	8486299500.000	4.389219	8049
59191.503920	8486299400.000	4.115851	8049
59191.503932	8486299400.000	4.938875	8049
59191.503955	8486299300.000	3.037981	8049
59191.503978	8486299200.000	3.570198	8049
59191.504024	8486299100.000	5.468242	8049
59191.504047	8486299000.000	2.900188	8049
59191.504105	8486298900.000	4.308135	8049
59191.504163	8486298700.000	2.402435	8049
59191.504175	8486298700.000	3.500804	8049
59191.504198	8486298600.000	3.136842	8049
59191.504221	8486298500.000	2.440994	8049
59191.504244	8486298500.000	2.721139	8049
59191.504302	8486298300.000	5.954700	8049
59191.504314	8486298300.000	3.007489	8049
59191.504371	8486298100.000	3.147174	8049
59191.504476	8486297800.000	2.859979	8049
59191.504661	8486297300.000	4.616498	8049
59191.504707	8486297200.000	3.466827	8049
59191.504742	8486297100.000	4.121675	8049
59191.504846	8486296800.000	3.045980	8049
59191.504927	8486296500.000	2.438477	8049
59191.504985	8486296300.000	2.552697	8049
59191.504996	8486296300.000	3.087790	8049
59191.505043	8486296200.000	3.088491	8049
59191.505135	8486295900.000	4.350062	8049
59191.505158	8486295800.000	3.738421	8049
59191.505170	8486295800.000	2.489449	8049
59191.505205	8486295700.000	2.321140	8049
59191.505240	8486295600.000	3.427358	8049
59191.505251	8486295600.000	2.248646	8049
59191.505309	8486295400.000	2.745075	8049
59191.505448	8486295000.000	2.395974	8049
59191.505459	8486295000.000	4.094356	8049
59191.505471	8486294900.000	2.740029	8049
59191.505483	8486294900.000	3.031659	8049
59191.505598	8486294600.000	3.166527	8049
59191.505633	8486294500.000	4.161806	8049
59191.505702	8486294300.000	3.737354	8049
59191.505911	8486293700.000	3.612009	8049
59191.505969	8486293400.000	2.970976	8049
59191.506027	8486293300.000	3.653760	8049
59191.506038	8486293300.000	2.972405	8049
59191.506050	8486293200.000	3.229326	8049
59191.506061	8486293100.000	2.491110	8049
59191.506142	8486293000.000	3.704595	8049
59191.506154	8486292900.000	3.105848	8049
59191.506223	8486292700.000	3.803634	8049
59191.506316	8486292500.000	2.955291	8049
59191.506339	8486292400.000	2.467357	8049
59191.506385	8486292200.000	2.843192	8049
59191.506408	8486292200.000	4.343176	8049
59191.506432	8486292200.000	3.146777	8049
59191.506501	8486291900.000	3.534873	8049
59191.506547	8486291800.000	4.724678	8049
59191.506571	8486291700.000	3.124820	8049
59191.506605	8486291600.000	3.076778	8049
59191.506756	8486291100.000	2.893549	8049
59191.506779	8486291000.000	3.491529	8049
59191.506779	8486291000.000	3.491529	8049
59191.506790	8486291000.000	2.554699	8049
59191.506802	8486291000.000	2.260007	8049
59191.506848	8486290800.000	3.734707	8049
59191.506871	8486290800.000	4.703475	8049
59191.506883	8486290800.000	3.589151	8049
59191.506906	8486290700.000	2.234372	8049
59191.506918	8486290700.000	3.207448	8049
59191.506929	8486290600.000	2.828999	8049
59191.506941	8486290600.000	4.561110	8049
59191.506964	8486290500.000	2.600108	8049
59191.506987	8486290500.000	2.653188	8049
59191.507010	8486290400.000	2.514797	8049
59191.507022	8486290400.000	3.030462	8049
59191.507034	8486290400.000	3.584845	8049
59191.507068	8486290300.000	2.821690	8049
59191.507103	8486290100.000	4.382882	8049
59191.507115	8486290100.000	3.181910	8049
59191.507172	8486290000.000	3.137692	8049
59191.507207	8486289800.000	2.923679	8049
59191.507219	8486289700.000	2.815254	8049
59191.507242	8486289700.000	3.035670	8049
59191.507253	8486289700.000	3.891077	8049
59191.507334	8486289500.000	3.295227	8049
59191.507358	8486289400.000	3.328402	8049
59191.507381	8486289300.000	3.927788	8049
59191.507531	8486288800.000	3.350650	8049
59191.507601	8486288600.000	5.156146	8049
59191.507635	8486288500.000	3.773777	8049
59191.507670	8486288400.000	3.481157	8049
59191.507751	8486288200.000	3.477867	8049
59191.507774	8486288100.000	2.851175	8049
59191.507797	8486288000.000	2.486649	8049
59191.507821	8486287900.000	2.580069	8049
59191.507855	8486287800.000	2.815339	8049
59191.507878	8486287800.000	3.492371	8049
59191.507913	8486287700.000	2.785142	8049
59191.507925	8486287600.000	3.239297	8049
59191.507948	8486287600.000	3.399653	8049
59191.508121	8486287100.000	2.108786	8049
59191.508133	8486287100.000	3.102607	8049
59191.508226	8486286600.000	3.378220	8049
59191.508283	8486286600.000	2.690109	8049
59191.508353	8486286300.000	3.850934	8049
59191.508388	8486286300.000	2.909825	8049
59191.508399	8486286300.000	3.067673	8049
59191.508492	8486286000.000	4.060788	8049
59191.508527	8486285900.000	3.933135	8049
59191.508550	8486285800.000	4.252455	8049
59191.508573	8486285700.000	3.419952	8049
59191.508584	8486285700.000	3.530097	8049
59191.508619	8486285600.000	2.347286	8049
59191.508665	8486285400.000	2.453179	8049
59191.508700	8486285300.000	2.943923	8049
59191.509024	8486284300.000	3.655578	8049
59191.509071	8486284200.000	4.157671	8049
59191.509082	8486284200.000	3.578337	8049
59191.509094	8486284200.000	4.018499	8049
59191.509209	8486283800.000	2.743563	8049
59191.509221	8486283800.000	2.768284	8049
59191.509267	8486283600.000	2.907935	8049
59191.509395	8486283300.000	3.101125	8049
59191.509429	8486283200.000	3.379215	8049
59191.509441	8486283100.000	4.922477	8049
59191.509591	8486282600.000	2.592196	8049
59191.509742	8486282300.000	3.065456	8049
59191.509753	8486282200.000	3.354544	8049
59191.509777	8486282100.000	2.753350	8049
59191.509788	8486282100.000	3.483565	8049
59191.509939	8486281600.000	3.266361	8049
59191.509950	8486281600.000	3.162490	8049
59191.510077	8486281200.000	2.706988	8049
59191.510101	8486281100.000	4.394269	8049
59191.510135	8486281100.000	3.560475	8049
59191.510158	8486281000.000	2.948480	8049
59191.510240	8486280700.000	2.910144	8049
59191.510251	8486280700.000	2.719494	8049
59191.510274	8486280600.000	4.015232	8049
59191.510286	8486280600.000	4.216255	8049
59191.510309	8486280600.000	2.624098	8049
59191.510321	8486280500.000	3.218189	8049
59191.510344	8486280500.000	2.371732	8049
59191.510355	8486280300.000	3.068831	8049
59191.510413	8486280200.000	3.455516	8049
59191.510506	8486280000.000	4.404427	8049
59191.510529	8486279900.000	3.101747	8049
59191.510587	8486279700.000	3.050872	8049
59191.510598	8486279700.000	2.839169	8049
59191.510645	8486279600.000	2.779025	8049
59191.510888	8486278800.000	5.824950	8049
59191.510899	8486278800.000	3.258051	8049
59191.510946	8486278700.000	3.662941	8049
59191.510980	8486278600.000	4.116830	8049
59191.510992	8486278500.000	3.408545	8049
59191.511038	8486278400.000	4.184731	8049
59191.511258	8486277700.000	4.852841	8049
59191.511432	8486277200.000	2.625886	8049
59191.511466	8486277100.000	4.657669	8049
59191.511501	8486277000.000	3.861053	8049
59191.511617	8486276700.000	3.282421	8049
59191.511640	8486276600.000	2.620235	8049
59191.511652	8486276500.000	3.747174	8049
59191.511663	8486276600.000	3.057175	8049
59191.511698	8486276400.000	3.223907	8049
59191.511721	8486276400.000	3.266569	8049
59191.511848	8486276000.000	2.705727	8049
59191.511860	8486276000.000	4.592090	8049
59191.511941	8486275700.000	4.443872	8049
59191.512080	8486275300.000	2.470026	8049
59191.512091	8486275300.000	2.900780	8049
59191.512103	8486275200.000	3.868351	8049
59191.512138	8486275100.000	4.163040	8049
59191.512219	8486274900.000	4.891630	8049
59191.512323	8486274600.000	2.513492	8049
59191.512392	8486274400.000	2.202288	8049
59191.512415	8486274300.000	3.520746	8049
59191.512520	8486274000.000	2.801032	8049
59191.512543	8486273900.000	2.987525	8049
59191.512554	8486274000.000	4.890749	8049
59191.512647	8486273700.000	2.663284	8049
59191.512670	8486273600.000	2.993542	8049
59191.512763	8486273400.000	3.327154	8049
59191.512809	8486273200.000	2.743697	8049
59191.512844	8486273100.000	4.041955	8049
59191.512855	8486273100.000	2.591577	8049
59191.512867	8486273000.000	2.709722	8049
59191.512971	8486272700.000	3.338471	8049
59191.512994	8486272700.000	3.649030	8049
59191.513040	8486272500.000	3.429757	8049
59191.513052	8486272500.000	3.200119	8049
59191.513064	8486272500.000	3.354944	8049
59191.513121	8486272300.000	3.415710	8049
59191.513145	8486272200.000	3.099411	8049
59191.513156	8486272200.000	2.945635	8049
59191.513226	8486272000.000	3.049808	8049
59191.513237	8486272000.000	3.980692	8049
59191.513260	8486271900.000	5.161102	8049
59191.513295	8486271800.000	2.178302	8049
59191.513307	8486271800.000	2.545018	8049
59191.513353	8486271700.000	2.768815	8049
59191.513376	8486271600.000	3.006650	8049
59191.513399	8486271600.000	2.906225	8049
59191.513434	8486271400.000	2.824583	8049
59191.513457	8486271400.000	3.499640	8049
59191.513503	8486271200.000	2.237502	8049
59191.513515	8486271200.000	4.130318	8049
59191.513527	8486271000.000	2.256196	8049
59191.513538	8486271100.000	3.928306	8049
59191.513573	8486271000.000	2.543472	8049
59191.513642	8486270800.000	3.861265	8049
59191.513851	8486270300.000	2.200031	8049
59191.513885	8486270200.000	3.351068	8049
59191.513943	8486270000.000	3.135447	8049
59191.514082	8486269500.000	2.839143	8049
59191.514140	8486269400.000	2.473156	8049
59191.514256	8486269100.000	2.173687	8049
59191.514267	8486269100.000	3.464298	8049
59191.514290	8486269000.000	3.842419	8049
59191.514314	8486268900.000	3.626447	8049
59191.514395	8486268700.000	2.533772	8049
59191.514429	8486268600.000	3.118572	8049
59191.514533	8486268400.000	4.356577	8049
59191.514557	8486268300.000	3.504047	8049
59191.514684	8486267900.000	2.575372	8049
59191.514834	8486267500.000	3.650921	8049
59191.514904	8486267400.000	2.476874	8049
59191.514915	8486267300.000	3.768312	8049
59191.514939	8486267200.000	2.698761	8049
59191.514950	8486267200.000	2.936305	8049
59191.515008	8486267000.000	2.612849	8049
59191.515031	8486267000.000	3.327487	8049
59191.515066	8486266900.000	2.947717	8049
59191.515101	8486266800.000	3.111959	8049
59191.515228	8486266500.000	2.592492	8049
59191.515286	8486266300.000	2.681809	8049
59191.515691	8486265200.000	2.992008	8049
59191.515714	8486265300.000	2.299644	8049
59191.515841	8486264800.000	2.457803	8049
59191.515853	8486264800.000	3.195487	8049
59191.515865	8486264800.000	2.758822	8049
59191.515888	8486264700.000	3.074411	8049
59191.516050	8486264300.000	2.580679	8049
59191.516119	8486264100.000	4.918202	8049
59191.516212	8486263900.000	2.577071	8049
59191.516223	8486264000.000	3.286672	8049
59191.516258	8486263800.000	2.414773	8049
59191.516304	8486263600.000	4.212480	8049
59191.516327	8486263700.000	3.469058	8049
59191.516385	8486263400.000	2.378774	8049
59191.516420	8486263300.000	2.253820	8049
59191.516432	8486263300.000	2.383412	8049
59191.516547	8486263000.000	3.741470	8049
59191.516559	8486263000.000	2.354873	8049
59191.516617	8486262800.000	3.525452	8049
59191.516733	8486262500.000	3.267562	8049
59191.516790	8486262400.000	5.273276	8049
59191.516999	8486261800.000	2.456170	8049
59191.517126	8486261500.000	3.864637	8049
59191.517149	8486261500.000	2.505878	8049
59191.517219	8486261300.000	3.675374	8049
59191.517230	8486261300.000	3.131432	8049
59191.517300	8486261100.000	3.355677	8049
59191.517346	8486261000.000	2.497257	8049
59191.517358	8486261000.000	2.551556	8049
59191.517392	8486260900.000	3.015295	8049
59191.517404	8486260800.000	3.043509	8049
59191.517415	8486260800.000	2.569179	8049
59191.517624	8486260300.000	2.539965	8049
59191.517670	8486260000.000	2.637036	8049
59191.517763	8486259900.000	2.566108	8049
59191.517867	8486259700.000	2.858677	8049
59191.517983	8486259500.000	2.719632	8049
59191.518017	8486259300.000	2.714957	8049
59191.518249	8486258900.000	3.029879	8049
59191.518341	8486258700.000	2.862529	8049
59191.518388	8486258500.000	2.319598	8049
59191.518422	8486258400.000	4.683962	8049
59191.518446	8486258400.000	3.104869	8049
59191.518457	8486258400.000	3.321109	8049
59191.518584	8486258100.000	2.696206	8049
59191.518700	8486257700.000	2.988651	8049
59191.518827	8486257500.000	3.223792	8049
59191.518920	8486257300.000	2.258019	8049
59191.518966	8486257100.000	3.041382	8049
59191.518990	8486257100.000	2.361886	8049
59191.519013	8486257000.000	2.422133	8049
59191.519036	8486257000.000	3.512843	8049
59191.519140	8486256800.000	2.484622	8049
59191.519302	8486256500.000	2.923521	8049
59191.519337	8486256300.000	4.416216	8049
59191.519418	8486256100.000	2.275759	8049
59191.519580	8486255800.000	2.111902	8049
59191.519672	8486255600.000	6.085310	8049
59191.519823	8486255200.000	3.538543	8049
59191.519915	8486255100.000	3.018660	8049
59191.519939	8486255000.000	4.303440	8049
59191.520020	8486254800.000	2.811586	8049
59191.520043	8486254800.000	4.383901	8049
59191.520182	8486254500.000	3.644605	8049
59191.520216	8486254400.000	3.083133	8049
59191.520240	8486254300.000	2.583083	8049
59191.520390	8486254100.000	2.148133	8049
59191.520494	8486253800.000	3.907646	8049
59191.520506	8486253800.000	2.796705	8049
59191.520668	8486253500.000	3.097288	8049
59191.520772	8486253300.000	2.911442	8049
59191.520784	8486253300.000	3.385235	8049
59191.520795	8486253100.000	2.416364	8049
59191.520818	8486253200.000	4.458234	8049
59191.520841	8486253100.000	2.577302	8049
59191.521015	8486252800.000	2.782490	8049
59191.521027	8486252800.000	2.705686	8049
59191.521038	8486252800.000	2.751558	8049
59191.521073	8486252700.000	3.558105	8049
59191.521142	8486252500.000	3.092832	8049
59191.521466	8486251900.000	3.882975	8049
59191.521941	8486251100.000	3.821985	8049
59191.521976	8486251000.000	3.096089	8049
59191.522022	8486250900.000	3.215369	8049
59191.522057	8486250800.000	2.410360	8049
59191.522068	8486250800.000	3.714278	8049
59191.522138	8486250700.000	3.016047	8049
59191.522253	8486250600.000	2.749587	8049
59191.522323	8486250400.000	3.033173	8049
59191.522358	8486250300.000	3.605923	8049
59191.522415	8486250200.000	3.217964	8049
59191.522427	8486250200.000	2.367924	8049
59191.522462	8486250100.000	2.941980	8049
59191.522508	8486250100.000	2.458185	8049
59191.522797	8486249500.000	2.550041	8049
59191.522809	8486249500.000	2.905074	8049
59191.522878	8486249500.000	3.460774	8049
59191.522913	8486249200.000	2.433670	8049
59191.523133	8486249000.000	3.163659	8049
59191.523179	8486248900.000	3.840718	8049
59191.523191	8486248900.000	2.745079	8049
59191.523388	8486248600.000	3.308625	8049
59191.523399	8486248600.000	3.263548	8049
59191.523492	8486248400.000	3.154793	8049
59191.523608	8486248300.000	4.435891	8049
59191.523665	8486248200.000	3.272058	8049
59191.523700	8486248300.000	3.364190	8049
59191.523851	8486247900.000	3.359543	8049
59191.523874	8486247900.000	2.403151	8049
59191.523885	8486247900.000	3.641212	8049
59191.523897	8486247800.000	2.858453	8049
59191.523920	8486247800.000	2.684537	8049
59191.523932	8486247800.000	4.813780	8049
59191.523943	8486247700.000	2.699873	8049
59191.523966	8486247700.000	2.755474	8049
59191.523990	8486247700.000	2.806273	8049
59191.524036	8486247600.000	2.876464	8049
59191.524256	8486247400.000	3.169350	8049
59191.524279	8486247300.000	4.919290	8049
59191.524302	8486247200.000	2.633656	8049
59191.524360	8486247200.000	4.279431	8049
59191.524429	8486247200.000	2.400034	8049
59191.524533	8486247000.000	3.898908	8049
59191.524591	8486246900.000	2.738535	8049
59191.524626	8486246800.000	2.580703	8049
59191.524719	8486246700.000	4.523582	8049
59191.524753	8486246600.000	2.839949	8049
59191.524777	8486246600.000	2.591307	8049
59191.524846	8486246400.000	3.195910	8049
59191.524869	8486246400.000	2.176923	8049
59191.524904	8486246400.000	2.540420	8049
59191.525112	8486246100.000	3.058253	8049
59191.525124	8486246100.000	3.540126	8049
59191.525193	8486246100.000	2.865664	8049
59191.525274	8486245900.000	2.812672	8049
59191.525390	8486245800.000	2.189692	8049
59191.525448	8486245700.000	2.784629	8049
59191.525494	8486245700.000	2.698918	8049
59191.525552	8486245600.000	2.667679	8049
59191.525610	8486245600.000	2.560062	8049
59191.525656	8486245500.000	3.115319	8049
59191.525726	8486245400.000	3.425380	8049
59191.525807	8486245300.000	3.152930	8049
59191.525946	8486245200.000	3.085004	8049
59191.526235	8486244900.000	3.727221	8049
59191.526270	8486244800.000	4.419482	8049
59191.526848	8486244300.000	3.367185	8049
59191.526929	8486244100.000	2.704075	8049
59191.527045	8486244000.000	2.408906	8049
59191.527323	8486243900.000	3.013288	8049
59191.527392	8486243800.000	3.257337	8049
59191.527496	8486243700.000	2.797038	8049
59191.527936	8486243400.000	2.754672	8049
59191.528087	8486243300.000	3.265758	8049
59191.528168	8486243200.000	3.488577	8049
59191.528284	8486243200.000	3.294698	8049
59191.528758	8486242900.000	4.564648	8049
59191.528770	8486242900.000	2.331446	8049
59191.528816	8486242900.000	3.934771	8049
59191.529071	8486242800.000	2.685120	8049
59191.529233	8486242700.000	2.590382	8049
59191.529603	8486242600.000	2.396683	8049
59191.529661	8486242500.000	2.709595	8049
59191.529730	8486242500.000	3.048759	8049
59191.529742	8486242500.000	2.386539	8049
59191.529973	8486242500.000	3.234539	8049
59191.530089	8486242400.000	2.900019	8049
59191.530101	8486242400.000	2.896679	8049
59191.530158	8486242400.000	4.571775	8049
59191.530355	8486242400.000	2.551892	8049
59191.530494	8486242300.000	2.991464	8049
59191.530783	8486242300.000	2.816781	8049
59191.530818	8486242300.000	2.176940	8049
59191.531200	8486242300.000	2.814054	8049
59191.531559	8486242300.000	2.853717	8049
59191.531582	8486242300.000	2.986577	8049
59191.531628	8486242300.000	3.067050	8049
59191.531663	8486242300.000	2.757383	8049
59191.531814	8486242300.000	2.507159	8049
59191.531825	8486242300.000	2.321138	8049
59191.531848	8486242300.000	3.479652	8049
59191.531883	8486242300.000	3.162646	8049
59191.531976	8486242300.000	4.164972	8049
59191.531999	8486242300.000	2.831079	8049
59191.532149	8486242300.000	2.801670	8049
59191.532196	8486242400.000	2.391858	8049
59191.532242	8486242300.000	2.314831	8049
59191.532253	8486242400.000	3.548058	8049
59191.532624	8486242400.000	2.517872	8049
59191.532693	8486242500.000	4.345670	8049
59191.532705	8486242500.000	3.134130	8049
59191.532716	8486242500.000	3.129716	8049
59191.532821	8486242500.000	2.061872	8049
59191.532855	8486242600.000	3.413353	8049
59191.532878	8486242600.000	2.927666	8049
59191.533064	8486242600.000	2.954557	8049
59191.533133	8486242600.000	3.129366	8049
59191.533202	8486242600.000	2.366150	8049
59191.533365	8486242700.000	2.928798	8049
59191.533434	8486242700.000	3.004847	8049
59191.534071	8486243000.000	2.490160	8049
59191.534082	8486243100.000	3.197305	8049
59191.534128	8486243100.000	3.064287	8049
59191.534256	8486243100.000	3.225233	8049
59191.534302	8486243200.000	2.927919	8049
59191.534348	8486243200.000	3.170997	8049
59191.534719	8486243500.000	4.467802	8049
59191.534973	8486243700.000	3.064303	8049
59191.534985	8486243700.000	2.667944	8049
59191.535124	8486243900.000	2.723680	8049
59191.535286	8486244000.000	3.550231	8049
59191.535332	8486244000.000	4.754330	8049
59191.535344	8486244000.000	3.935267	8049
59191.535355	8486244000.000	2.872493	8049
59191.535402	8486244100.000	3.399857	8049
59191.535425	8486244000.000	2.500549	8049
59191.535564	8486244200.000	3.106542	8049
59191.535575	8486244200.000	2.889758	8049
59191.535899	8486244500.000	2.094627	8049
59191.536304	8486244900.000	3.430370	8049
59191.536408	8486245000.000	2.511095	8049
59191.536582	8486245100.000	2.481027	8049
59191.568584	8486319700.000	3.156187	8049
59191.568642	8486319800.000	2.179992	8049
59191.568804	8486320000.000	2.390376	8049
59191.568816	8486320000.000	2.840611	8049
59191.568839	8486320100.000	2.479703	8049
59191.568908	8486320100.000	3.004354	8049
59191.569013	8486320300.000	2.710582	8049
59191.569140	8486320400.000	5.539707	8049
59191.569290	8486320600.000	2.298524	8049
59191.569302	8486320600.000	2.396627	8049
59191.569314	8486320600.000	2.421528	8049
59191.569371	8486320700.000	2.509384	8049
59191.569418	8486320700.000	3.034687	8049
59191.569476	8486320800.000	2.669559	8049
59191.569591	8486320900.000	2.562231	8049
59191.569649	8486321000.000	4.067787	8049
59191.569672	8486321000.000	3.457388	8049
59191.569719	8486321100.000	2.375901	8049
59191.569730	8486321100.000	3.214888	8049
59191.569904	8486321300.000	2.307643	8049
59191.569973	8486321400.000	3.612148	8049
59191.569985	8486321400.000	2.860620	8049
59191.569996	8486321500.000	2.826132	8049
59191.570066	8486321500.000	3.388866	8049
59191.570101	8486321500.000	3.117549	8049
59191.570158	8486321600.000	3.873878	8049
59191.570193	8486321600.000	4.003685	8049
59191.570367	8486321800.000	2.899510	8049
59191.570436	8486321800.000	3.223478	8049
59191.570494	8486321900.000	3.350717	8049
59191.570610	8486322000.000	3.785278	8049
59191.570702	8486322100.000	3.326239	8049
59191.570726	8486322200.000	3.702692	8049
59191.570749	8486322200.000	3.106771	8049
59191.570783	8486322200.000	2.964580	8049
59191.570888	8486322300.000	3.535477	8049
59191.570899	8486322200.000	3.337031	8049
59191.571027	8486322400.000	3.112912	8049
59191.571096	8486322400.000	3.394224	8049
59191.571304	8486322700.000	2.558682	8049
59191.571455	8486322800.000	2.649548	8049
59191.571478	8486322800.000	3.473215	8049
59191.571536	8486322800.000	3.246272	8049
59191.571617	8486322900.000	3.857472	8049
59191.571779	8486323000.000	4.621189	8049
59191.571906	8486323100.000	2.787847	8049
59191.571941	8486323100.000	3.720833	8049
59191.572045	8486323200.000	2.817422	8049
59191.572207	8486323300.000	3.874474	8049
59191.572288	8486323400.000	3.109906	8049
59191.572531	8486323500.000	2.769179	8049
59191.572543	8486323500.000	4.600288	8049
59191.572566	8486323500.000	3.550208	8049
59191.572601	8486323600.000	2.566374	8049
59191.572705	8486323600.000	3.717400	8049
59191.572716	8486323600.000	2.962229	8049
59191.572728	8486323600.000	3.824484	8049
59191.572797	8486323600.000	3.386801	8049
59191.573017	8486323800.000	3.344048	8049
59191.573040	8486323800.000	2.918204	8049
59191.573098	8486323800.000	2.814316	8049
59191.573179	8486323800.000	3.932495	8049
59191.573226	8486323800.000	2.954939	8049
59191.573249	8486323900.000	2.886219	8049
59191.573295	8486323900.000	2.370564	8049
59191.573330	8486323900.000	3.371421	8049
59191.573446	8486323900.000	3.123098	8049
59191.573527	8486324000.000	3.023450	8049
59191.573608	8486324000.000	2.442469	8049
59191.573619	8486323900.000	3.229611	8049
59191.573654	8486324000.000	2.475865	8049
59191.573793	8486324000.000	3.093409	8049
59191.573816	8486324000.000	2.980864	8049
59191.573932	8486324000.000	3.600109	8049
59191.574094	8486324100.000	3.221043	8049
59191.574117	8486324100.000	3.515412	8049
59191.574186	8486324100.000	3.439682	8049
59191.574209	8486324100.000	2.604305	8049
59191.574244	8486324200.000	3.265033	8049
59191.574279	8486324200.000	3.866020	8049
59191.574337	8486324200.000	3.068293	8049
59191.574568	8486324200.000	3.514124	8049
59191.574580	8486324200.000	3.010001	8049
59191.574591	8486324200.000	3.792114	8049
59191.574615	8486324300.000	3.268144	8049
59191.574626	8486324300.000	3.079363	8049
59191.574661	8486324200.000	4.213889	8049
59191.574707	8486324300.000	2.527397	8049
59191.574742	8486324200.000	4.201745	8049
59191.574927	8486324200.000	2.412465	8049
59191.575008	8486324200.000	4.246193	8049
59191.575043	8486324300.000	4.117215	8049
59191.575182	8486324200.000	2.272775	8049
59191.575251	8486324300.000	3.427837	8049
59191.575297	8486324300.000	3.131910	8049
59191.575506	8486324300.000	4.978456	8049
59191.575517	8486324200.000	3.528142	8049
59191.575529	8486324300.000	2.904964	8049
59191.575552	8486324300.000	2.820630	8049
59191.575645	8486324200.000	2.551984	8049
59191.575702	8486324300.000	2.941656	8049
59191.575888	8486324200.000	3.686854	8049
59191.576015	8486324200.000	3.985859	8049
59191.576073	8486324200.000	3.418471	8049
59191.576119	8486324100.000	2.427197	8049
59191.576258	8486324100.000	3.546088	8049
59191.576362	8486324100.000	2.702364	8049
59191.576374	8486324100.000	2.956021	8049
59191.576455	8486324100.000	2.373174	8049
59191.576478	8486324100.000	2.710307	8049
59191.576490	8486324100.000	3.099565	8049
59191.576559	8486324100.000	2.471565	8049
59191.576640	8486324100.000	2.939271	8049
59191.576790	8486324000.000	2.866528	8049
59191.576848	8486324000.000	2.359377	8049
59191.576883	8486324000.000	2.413920	8049
59191.577080	8486323900.000	2.933830	8049
59191.577103	8486323900.000	2.767638	8049
59191.577115	8486324000.000	2.821272	8049
59191.577149	8486323900.000	2.285206	8049
59191.577196	8486323900.000	3.240971	8049
59191.577242	8486323900.000	3.081339	8049
59191.577392	8486323800.000	2.557084	8049
59191.577415	8486323800.000	3.308133	8049
59191.577543	8486323800.000	2.691717	8049
59191.577612	8486323700.000	3.823665	8049
59191.577647	8486323800.000	2.526021	8049
59191.577705	8486323600.000	3.651033	8049
59191.577728	8486323600.000	3.800577	8049
59191.577751	8486323600.000	2.998933	8049
59191.577774	8486323700.000	2.664654	8049
59191.577797	8486323600.000	2.878056	8049
59191.577844	8486323600.000	4.229437	8049
59191.577867	8486323600.000	3.924112	8049
59191.577948	8486323600.000	3.054896	8049
59191.577994	8486323500.000	2.629517	8049
59191.578064	8486323500.000	3.379515	8049
59191.578098	8486323400.000	4.868575	8049
59191.578110	8486323400.000	2.453849	8049
59191.578156	8486323400.000	3.809796	8049
59191.578260	8486323400.000	2.410705	8049
59191.578272	8486323300.000	3.951302	8049
59191.578376	8486323300.000	2.489910	8049
59191.578446	8486323200.000	3.887196	8049
59191.578538	8486323100.000	2.630967	8049
59191.578677	8486323100.000	5.156259	8049
59191.578689	8486323100.000	2.936578	8049
59191.578920	8486322900.000	3.033812	8049
59191.578955	8486322900.000	4.933805	8049
59191.579082	8486322800.000	3.990630	8049
59191.579429	8486322500.000	2.252782	8049
59191.579464	8486322500.000	3.072650	8049
59191.579499	8486322400.000	3.300377	8049
59191.579557	8486322400.000	2.504259	8049
59191.579580	8486322400.000	3.570469	8049
59191.579615	8486322400.000	2.260514	8049
59191.579661	8486322300.000	4.669677	8049
59191.579707	8486322300.000	3.408995	8049
59191.579742	8486322200.000	5.064703	8049
59191.579777	8486322200.000	4.306266	8049
59191.579788	8486322200.000	3.279354	8049
59191.579846	8486322100.000	2.600314	8049
59191.579962	8486322000.000	2.995068	8049
59191.579973	8486322000.000	2.622403	8049
59191.579996	8486322000.000	4.439773	8049
59191.580066	8486321900.000	2.606776	8049
59191.580077	8486322000.000	2.971507	8049
59191.580193	8486321800.000	2.401653	8049
59191.580263	8486321700.000	3.199069	8049
59191.580309	8486321700.000	2.950232	8049
59191.580321	8486321700.000	3.658962	8049
59191.580367	8486321600.000	2.093113	8049
59191.580483	8486321500.000	3.572325	8049
59191.580506	8486321500.000	3.016664	8049
59191.580587	8486321400.000	2.393836	8049
59191.580610	8486321400.000	3.333392	8049
59191.580702	8486321300.000	3.539802	8049
59191.580853	8486321100.000	3.346497	8049
59191.580865	8486321100.000	2.337913	8049
59191.580876	8486321100.000	5.345115	8049
59191.580992	8486320900.000	2.796471	8049
59191.581027	8486320900.000	2.490112	8049
59191.581073	8486320800.000	3.468439	8049
59191.581165	8486320800.000	2.984696	8049
59191.581351	8486320500.000	4.114453	8049
59191.581362	8486320500.000	3.556044	8049
59191.581385	8486320500.000	2.956000	8049
59191.581466	8486320400.000	4.449260	8049
59191.581652	8486320100.000	4.192735	8049
59191.581709	8486320000.000	3.247621	8049
59191.581802	8486319900.000	3.547117	8049
59191.581929	8486319800.000	2.385660	8049
59191.581964	8486319700.000	2.802367	8049
59191.581987	8486319700.000	2.451632	8049
59191.582010	8486319700.000	4.049229	8049
59191.582022	8486319700.000	3.309717	8049
59191.582022	8486319700.000	3.309717	8049
59191.582034	8486319700.000	3.617638	8049
59191.582126	8486319500.000	3.934828	8049
59191.582219	8486319400.000	3.273368	8049
59191.582242	8486319300.000	3.603194	8049
59191.582334	8486319200.000	3.124883	8049
59191.582439	8486319000.000	3.001793	8049
59191.582462	8486319000.000	3.218854	8049
59191.582485	8486319000.000	2.608703	8049
59191.582601	8486318900.000	3.890417	8049
59191.582647	8486318800.000	3.092628	8049
59191.582659	8486318700.000	2.664882	8049
59191.582682	8486318700.000	3.563614	8049
59191.582786	8486318600.000	2.553144	8049
59191.582878	8486318400.000	3.820778	8049
59191.583006	8486318200.000	4.018719	8049
59191.583052	8486318100.000	2.818147	8049
59191.583121	8486318000.000	4.148406	8049
59191.583133	8486317900.000	3.536438	8049
59191.583168	8486318000.000	4.851396	8049
59191.583191	8486318000.000	3.962227	8049
59191.583202	8486317900.000	3.190260	8049
59191.583249	8486317800.000	3.129489	8049
59191.583318	8486317700.000	2.071698	8049
59191.583353	8486317700.000	3.720869	8049
59191.583376	8486317600.000	3.145850	8049
59191.583411	8486317600.000	2.589193	8049
59191.583434	8486317400.000	3.104379	8049
59191.583573	8486317100.000	3.486322	8049
59191.583596	8486317300.000	2.854022	8049
59191.583654	8486317300.000	2.981270	8049
59191.583712	8486317000.000	3.322337	8049
59191.583793	8486317000.000	2.882679	8049
59191.583966	8486316800.000	2.332395	8049
59191.584036	8486316700.000	2.697173	8049
59191.584094	8486316500.000	3.773395	8049
59191.584175	8486316300.000	3.168736	8049
59191.584233	8486316200.000	3.868885	8049
59191.584279	8486316100.000	3.454329	8049
59191.584314	8486316000.000	2.885217	8049
59191.584325	8486316100.000	2.344073	8049
59191.584441	8486315800.000	2.352061	8049
59191.584719	8486315300.000	2.363162	8049
59191.584777	8486315200.000	2.300373	8049
59191.584846	8486315100.000	3.956931	8049
59191.584892	8486315000.000	2.822849	8049
59191.584927	8486315000.000	3.783511	8049
59191.584985	8486314900.000	3.347130	8049
59191.585077	8486314700.000	4.548437	8049
59191.585112	8486314600.000	2.822591	8049
59191.585124	8486314600.000	3.889613	8049
59191.585240	8486314400.000	3.913211	8049
59191.585297	8486314300.000	3.440523	8049
59191.585402	8486314100.000	2.628143	8049
59191.585448	8486314000.000	3.917318	8049
59191.585506	8486313800.000	2.493063	8049
59191.585529	8486313800.000	2.757452	8049
59191.585552	8486313700.000	3.180121	8049
59191.585564	8486313800.000	3.516943	8049
59191.585726	8486313400.000	2.543050	8049
59191.585749	8486313400.000	2.855969	8049
59191.585772	8486313400.000	2.074240	8049
59191.585818	8486313300.000	3.427420	8049
59191.585841	8486313300.000	2.030025	8049
59191.586003	8486312900.000	3.250002	8049
59191.586084	8486312700.000	2.984570	8049
59191.586177	8486312500.000	3.339651	8049
59191.586200	8486312500.000	3.664598	8049
59191.586270	8486312300.000	3.016934	8049
59191.586327	8486312300.000	2.944599	8049
59191.586432	8486312000.000	2.392776	8049
59191.586466	8486311900.000	3.996041	8049
59191.586513	8486312000.000	3.299895	8049
59191.586594	8486311600.000	3.387322	8049
59191.586617	8486311600.000	3.153291	8049
59191.586628	8486311600.000	3.667005	8049
59191.586640	8486311500.000	2.266084	8049
59191.586744	8486311300.000	2.782834	8049
59191.586790	8486311200.000	2.759585	8049
59191.586918	8486310900.000	2.799602	8049
59191.587115	8486310700.000	2.055438	8049
59191.587126	8486310600.000	3.138306	8049
59191.587172	8486310400.000	2.782761	8049
59191.587242	8486310300.000	4.145593	8049
59191.587334	8486310100.000	2.232371	8049
59191.587346	8486310100.000	2.585537	8049
59191.587358	8486310000.000	3.598210	8049
59191.587392	8486309900.000	3.177975	8049
59191.587439	8486309900.000	2.586844	8049
59191.587450	8486309800.000	3.274687	8049
59191.587531	8486309700.000	3.161484	8049
59191.587624	8486309200.000	2.658918	8049
59191.587635	8486309300.000	3.391442	8049
59191.587716	8486309300.000	2.673502	8049
59191.587728	8486309200.000	2.842887	8049
59191.587878	8486308800.000	3.995149	8049
59191.588017	8486308500.000	5.491424	8049
59191.588237	8486308000.000	3.043115	8049
59191.588272	8486307900.000	2.922654	8049
59191.588295	8486307900.000	2.944386	8049
59191.588307	8486307800.000	2.182965	8049
59191.588318	8486307800.000	3.582710	8049
59191.588434	8486307500.000	2.849607	8049
59191.588446	8486307500.000	4.696343	8049
59191.588573	8486307200.000	2.805889	8049
59191.588677	8486307000.000	3.921457	8049
59191.588700	8486306900.000	3.895611	8049
59191.588746	8486306800.000	3.384375	8049
59191.589001	8486306200.000	2.093055	8049
59191.589082	8486306000.000	3.681626	8049
59191.589233	8486305700.000	3.524126	8049
59191.589302	8486305400.000	3.181657	8049
59191.589360	8486305300.000	2.570793	8049
59191.589418	8486305100.000	3.449205	8049
59191.589522	8486305100.000	2.123861	8049
59191.589557	8486304800.000	2.713318	8049
59191.589603	8486304700.000	3.370140	8049
59191.589684	8486304700.000	2.577312	8049
59191.589719	8486304400.000	2.924093	8049
59191.589777	8486304300.000	3.088107	8049
59191.589834	8486304200.000	2.829059	8049
59191.589915	8486303900.000	4.563004	8049
59191.590008	8486303700.000	2.599410	8049
59191.590031	8486303600.000	3.298198	8049
59191.590147	8486303400.000	2.558889	8049
59191.590170	8486303200.000	3.590223	8049
59191.590182	8486303200.000	2.762454	8049
59191.590193	8486303200.000	3.454031	8049
59191.590205	8486303200.000	3.661169	8049
59191.590228	8486303100.000	3.789856	8049
59191.590332	8486302800.000	2.362686	8049
59191.590378	8486302700.000	3.488315	8049
59191.590471	8486302500.000	3.058063	8049
59191.590564	8486302200.000	3.336576	8049
59191.590737	8486301800.000	3.578709	8049
59191.590772	8486301700.000	3.357240	8049
59191.590784	8486301700.000	2.644991	8049
59191.590888	8486301400.000	3.095291	8049
59191.591038	8486301000.000	2.530971	8049
59191.591050	8486300900.000	2.819992	8049
59191.591084	8486300900.000	3.288546	8049
59191.591200	8486300500.000	2.525498	8049
59191.591223	8486300500.000	2.974327	8049
59191.591246	8486300500.000	3.597041	8049
59191.591316	8486300300.000	3.003187	8049
59191.591327	8486300200.000	5.641319	8049
59191.591397	8486300100.000	2.616674	8049
59191.591409	8486300000.000	2.557048	8049
59191.591432	8486299900.000	3.995736	8049
59191.591443	8486299900.000	2.547680	8049
59191.591547	8486299600.000	2.595457	8049
59191.591582	8486299500.000	3.121413	8049
59191.591779	8486299000.000	2.615082	8049
59191.591883	8486298700.000	3.571855	8049
59191.591929	8486298600.000	3.076123	8049
59191.592010	8486298400.000	3.066521	8049
59191.592045	8486298300.000	2.438453	8049
59191.592057	8486298300.000	2.588548	8049
59191.592196	8486297900.000	2.672186	8049
59191.592439	8486297200.000	3.147503	8049
59191.592601	8486296700.000	2.681963	8049
59191.592693	8486296500.000	2.846867	8049
59191.592716	8486296400.000	2.264083	8049
59191.592728	8486296400.000	2.449766	8049
59191.592821	8486296100.000	3.069094	8049
59191.592844	8486296100.000	2.740502	8049
59191.592855	8486296000.000	2.278373	8049
59191.592913	8486295800.000	2.819082	8049
59191.592925	8486295800.000	2.811429	8049
59191.592971	8486295700.000	2.429624	8049
59191.592983	8486295700.000	3.252707	8049
59191.592994	8486295600.000	2.316043	8049
59191.593040	8486295500.000	4.047797	8049
59191.593087	8486295400.000	2.710930	8049
59191.593110	8486295300.000	4.578427	8049
59191.593237	8486294900.000	3.146837	8049
59191.593284	8486294800.000	3.134559	8049
59191.593388	8486294600.000	3.099470	8049
59191.593399	8486294500.000	3.091249	8049
59191.593503	8486294400.000	2.773772	8049
59191.593538	8486294100.000	3.191511	8049
59191.593573	8486294000.000	3.631343	8049
59191.593781	8486293400.000	2.492204	8049
59191.593827	8486293300.000	2.937247	8049
59191.593862	8486293200.000	4.162716	8049
59191.593885	8486293000.000	3.201022	8049
59191.593978	8486292800.000	3.299998	8049
59191.593990	8486292800.000	2.994398	8049
59191.594140	8486292200.000	2.828932	8049
59191.594163	8486292300.000	3.104499	8049
59191.594233	8486292100.000	3.815040	8049
59191.594290	8486291800.000	2.318262	8049
59191.594383	8486291700.000	3.393472	8049
59191.594395	8486291600.000	2.803737	8049
59191.594418	8486291500.000	3.357353	8049
59191.594429	8486291500.000	3.864113	8049
59191.594522	8486291200.000	3.269395	8049
59191.594580	8486291300.000	2.325151	8049
59191.594615	8486291000.000	2.339713	8049
59191.594707	8486290700.000	3.290780	8049
59191.594858	8486290500.000	2.696018	8049
59191.594939	8486290200.000	2.896300	8049
59191.594996	8486289800.000	3.236809	8049
59191.595020	8486289800.000	2.703374	8049
59191.595031	8486289700.000	3.779609	8049
59191.595054	8486289700.000	2.305496	8049
59191.595112	8486289600.000	2.366128	8049
59191.595147	8486289400.000	2.683701	8049
59191.595159	8486289200.000	2.640827	8049
59191.595182	8486289300.000	4.153062	8049
59191.595274	8486289100.000	3.641413	8049
59191.595286	8486288900.000	3.852086	8049
59191.595367	8486288800.000	3.602765	8049
59191.595425	8486288600.000	3.775117	8049
59191.595436	8486288500.000	3.368008	8049
59191.595598	8486288100.000	2.238548	8049
59191.595645	8486287900.000	3.606168	8049
59191.595714	8486287900.000	3.803369	8049
59191.595784	8486287600.000	3.616516	8049
59191.595795	8486287400.000	2.678291	8049
59191.595888	8486287200.000	2.458622	8049
59191.595946	8486287100.000	3.950931	8049
59191.595969	8486286900.000	3.093839	8049
59191.596084	8486286700.000	3.038199	8049
59191.596096	8486286700.000	2.760041	8049
59191.596119	8486286500.000	2.412531	8049
59191.596131	8486286500.000	3.322301	8049
59191.596200	8486286100.000	3.267698	8049
59191.596316	8486285900.000	2.986218	8049
59191.596420	8486285600.000	3.295883	8049
59191.596432	8486285500.000	2.938753	8049
59191.596466	8486285600.000	2.603249	8049
59191.596478	8486285500.000	3.331382	8049
59191.596490	8486285400.000	3.632640	8049
59191.596524	8486285300.000	3.861620	8049
59191.596571	8486285200.000	4.318395	8049
59191.596628	8486285000.000	2.909084	8049
59191.596698	8486284800.000	2.909566	8049
59191.596779	8486284600.000	3.163596	8049
59191.596802	8486284500.000	3.494630	8049
59191.596814	8486284400.000	2.411046	8049
59191.596871	8486284300.000	2.323839	8049
59191.596918	8486284200.000	3.857468	8049
59191.596952	8486284100.000	2.743601	8049
59191.597010	8486283900.000	4.739237	8049
59191.597103	8486283600.000	3.598204	8049
59191.597115	8486283600.000	3.341702	8049
59191.597242	8486283200.000	4.233828	8049
59191.597311	8486283000.000	3.151622	8049
59191.597485	8486282500.000	2.247365	8049
59191.597531	8486282400.000	3.331952	8049
59191.597566	8486282200.000	3.169882	8049
59191.597589	8486282100.000	2.033184	8049
59191.597647	8486282000.000	2.697724	8049
59191.597659	8486281900.000	2.593827	8049
59191.597670	8486281900.000	4.314693	8049
59191.597705	8486281800.000	2.832036	8049
59191.598723	8486278700.000	2.349937	8049
59191.598874	8486278500.000	2.642795	8049
59191.598943	8486278100.000	2.868930	8049
59191.598955	8486278100.000	2.899995	8049
59191.599024	8486277900.000	3.558647	8049
59191.599082	8486277700.000	3.934884	8049
59191.599233	8486277200.000	2.468820	8049
59191.599244	8486277200.000	2.846677	8049
59191.599256	8486277200.000	3.302448	8049
59191.599279	8486277200.000	3.336558	8049
59191.599510	8486276500.000	2.008981	8049
59191.600344	8486274000.000	2.817633	8049
59191.600355	8486273700.000	2.382235	8049
59191.600378	8486273800.000	2.926085	8049
59191.600425	8486273500.000	3.799352	8049
59191.600459	8486273500.000	2.769973	8049
59191.600529	8486273400.000	2.660382	8049
59191.600610	8486272700.000	3.256295	8049
59191.600621	8486273100.000	3.119952	8049
59191.600691	8486272900.000	3.689049	8049
59191.600865	8486272400.000	3.225728	8049
59191.600876	8486272400.000	3.274819	8049
59191.601003	8486272000.000	2.977354	8049
59191.601015	8486271900.000	3.087495	8049
59191.601316	8486271100.000	3.047141	8049
59191.601339	8486271000.000	4.511634	8049
59191.601432	8486270800.000	4.338933	8049
59191.601455	8486270700.000	2.122241	8049
59191.601466	8486270600.000	3.096289	8049
59191.601513	8486270700.000	3.241843	8049
59191.601582	8486270300.000	4.018255	8049
59191.601709	8486269900.000	2.491322	8049
59191.601721	8486270100.000	2.429866	8049
59191.601744	8486269900.000	2.739937	8049
59191.601790	8486269700.000	2.975998	8049
59191.601848	8486269500.000	4.289363	8049
59191.601883	8486269400.000	4.253813	8049
59191.601918	8486269300.000	3.625578	8049
59191.601999	8486269100.000	2.887314	8049
59191.602068	8486268900.000	3.126409	8049
59191.602138	8486268700.000	2.528346	8049
59191.602369	8486268100.000	3.217481	8049
59191.602659	8486267300.000	3.138883	8049
59191.602693	8486267100.000	2.313466	8049
59191.602844	8486266700.000	2.702600	8049
59191.602878	8486266600.000	2.831697	8049
59191.603052	8486266100.000	2.494650	8049
59191.603087	8486266000.000	2.186683	8049
59191.603110	8486265800.000	3.144093	8049
59191.603156	8486265800.000	4.031859	8049
59191.603260	8486265500.000	4.080762	8049
59191.603376	8486265200.000	2.934183	8049
59191.603446	8486265000.000	2.504258	8049
59191.603492	8486264900.000	2.598514	8049
59191.603503	8486265000.000	2.310412	8049
59191.603689	8486264400.000	3.064819	8049
59191.603746	8486264200.000	4.066701	8049
59191.603909	8486263800.000	2.382746	8049
59191.603990	8486263500.000	3.996661	8049
59191.604013	8486263500.000	2.839021	8049
59191.604105	8486263200.000	2.957895	8049
59191.604233	8486262900.000	2.908623	8049
59191.604348	8486262700.000	2.593844	8049
59191.604441	8486262400.000	2.770352	8049
59191.604557	8486262200.000	2.082880	8049
59191.604603	8486262200.000	2.652188	8049
59191.604742	8486261500.000	2.701787	8049
59191.604777	8486261400.000	4.553312	8049
59191.604973	8486260900.000	3.997703	8049
59191.604985	8486260900.000	2.882186	8049
59191.605043	8486260800.000	2.772637	8049
59191.605101	8486260500.000	2.251948	8049
59191.605205	8486260400.000	3.379862	8049
59191.605332	8486259900.000	2.996238	8049
59191.605575	8486259300.000	2.751408	8049
59191.605784	8486258800.000	3.613701	8049
59191.605865	8486258600.000	2.104667	8049
59191.605911	8486258500.000	3.121290	8049
59191.605957	8486258600.000	2.346720	8049
59191.605980	8486258300.000	2.625126	8049
59191.606003	8486258200.000	2.704986	8049
59191.606015	8486258200.000	2.816466	8049
59191.606073	8486257900.000	2.217911	8049
59191.606189	8486257800.000	2.786886	8049
59191.606513	8486256900.000	2.439493	8049
59191.606594	8486256700.000	2.926328	8049
59191.612890	8486244000.000	2.569251	8049
59191.613017	8486243800.000	2.243757	8049
59191.613249	8486243400.000	2.809741	8049
59191.613388	8486243300.000	2.405892	8049
59191.613503	8486243100.000	3.987292	8049
59191.613608	8486242900.000	2.304922	8049
59191.613619	8486242900.000	2.609087	8049
59191.613816	8486242700.000	2.524274	8049
59191.613851	8486242600.000	2.354920	8049
59191.614059	8486242300.000	2.519750	8049
59191.614534	8486241900.000	3.395629	8049
59191.614834	8486241400.000	2.730129	8049
59191.614973	8486241300.000	2.543049	8049
59191.615159	8486241100.000	2.380407	8049
59191.615182	8486241100.000	2.840657	8049
59191.615263	8486240900.000	3.854338	8049
59191.615807	8486240400.000	3.165370	8049
59191.616015	8486240200.000	3.143323	8049
59191.616131	8486240100.000	2.802942	8049
59191.616397	8486239800.000	2.464755	8049
59191.616652	8486239500.000	2.867105	8049
59191.616802	8486239500.000	3.269777	8049
59191.616837	8486239500.000	3.011672	8049
59191.616860	8486239500.000	2.693818	8049
59191.617034	8486239300.000	2.260381	8049
59191.617207	8486239200.000	2.824659	8049
59191.617473	8486239000.000	3.070695	8049
59191.617855	8486238800.000	2.504682	8049
59191.618029	8486238800.000	2.305339	8049
59191.618457	8486238500.000	2.498608	8049
59191.618492	8486238500.000	3.967729	8049
59191.618631	8486238500.000	2.658413	8049
59191.618723	8486238300.000	3.670364	8049
59191.618781	8486238300.000	4.192972	8049
59191.618966	8486238400.000	3.416070	8049
59191.619071	8486238300.000	2.545879	8049
59191.619094	8486238300.000	2.081605	8049
59191.619163	8486238400.000	2.618996	8049
59191.619221	8486238300.000	2.525356	8049
59191.619534	8486238200.000	2.219074	8049
59191.620077	8486238200.000	2.649939	8049
59191.620240	8486238100.000	3.420825	8049
59191.620668	8486238100.000	2.700988	8049
59191.620841	8486238100.000	2.861830	8049
59191.621027	8486238100.000	4.562777	8049
59191.621246	8486238100.000	2.862452	8049
59191.621640	8486238300.000	2.426209	8049
59191.622057	8486238500.000	3.022850	8049
59191.658399	8486315900.000	2.532247	8049
59191.658411	8486315900.000	2.265948	8049
59191.658561	8486316100.000	3.875475	8049
59191.658689	8486316200.000	2.455443	8049
59191.658920	8486316500.000	2.607720	8049
59191.658943	8486316500.000	4.529312	8049
59191.659036	8486316600.000	3.394566	8049
59191.659209	8486316800.000	3.153639	8049
59191.659279	8486316900.000	2.546502	8049
59191.659418	8486317000.000	2.773880	8049
59191.659499	8486317100.000	2.791978	8049
59191.659510	8486317000.000	3.228327	8049
59191.659522	8486317100.000	4.186639	8049
59191.659557	8486317100.000	2.635003	8049
59191.659580	8486317100.000	2.769402	8049
59191.659742	8486317400.000	3.505141	8049
59191.659823	8486317400.000	4.115859	8049
59191.659881	8486317500.000	2.499111	8049
59191.659904	8486317500.000	2.945505	8049
59191.660147	8486317700.000	4.283489	8049
59191.660344	8486317900.000	2.344912	8049
59191.660517	8486318100.000	2.901674	8049
59191.660621	8486318100.000	2.131738	8049
59191.660668	8486318100.000	2.839241	8049
59191.660702	8486318200.000	3.588399	8049
59191.660911	8486318300.000	3.155944	8049
59191.661050	8486318400.000	2.476197	8049
59191.661223	8486318600.000	3.363609	8049
59191.661397	8486318600.000	3.541362	8049
59191.661420	8486318600.000	2.332504	8049
59191.661617	8486318800.000	3.818739	8049
59191.661628	8486318800.000	2.033027	8049
59191.661733	8486318800.000	2.405603	8049
59191.661802	8486318900.000	2.040927	8049
59191.661825	8486318900.000	3.085579	8049
59191.661837	8486318900.000	3.670255	8049
59191.661918	8486318900.000	3.141028	8049
59191.661964	8486319000.000	2.688277	8049
59191.661999	8486319000.000	3.400006	8049
59191.662057	8486319100.000	3.589883	8049
59191.662068	8486319000.000	2.720737	8049
59191.662219	8486319100.000	2.567493	8049
59191.662358	8486319200.000	3.740006	8049
59191.662404	8486319200.000	3.322160	8049
59191.662450	8486319200.000	2.574110	8049
59191.662473	8486319200.000	2.707189	8049
59191.662659	8486319300.000	2.917762	8049
59191.662763	8486319300.000	3.119227	8049
59191.662867	8486319400.000	3.427884	8049
59191.662890	8486319400.000	3.548920	8049
59191.663040	8486319400.000	3.137729	8049
59191.663052	8486319400.000	3.594059	8049
59191.663365	8486319500.000	3.701918	8049
59191.663399	8486319500.000	2.689369	8049
59191.663492	8486319500.000	2.878839	8049
59191.663515	8486319600.000	2.351973	8049
59191.663770	8486319500.000	3.871452	8049
59191.663862	8486319600.000	2.609648	8049
59191.663966	8486319600.000	2.998917	8049
59191.664094	8486319600.000	2.525180	8049
59191.664140	8486319600.000	4.574780	8049
59191.664152	8486319600.000	3.258308	8049
59191.664198	8486319600.000	2.896576	8049
59191.664233	8486319600.000	2.755844	8049
59191.664267	8486319600.000	3.237804	8049
59191.664325	8486319600.000	2.779643	8049
59191.664383	8486319600.000	2.699840	8049
59191.664707	8486319600.000	3.094941	8049
59191.664904	8486319600.000	4.190050	8049
59191.664950	8486319600.000	2.702815	8049
59191.664973	8486319600.000	3.230955	8049
59191.665193	8486319500.000	2.584437	8049
59191.665240	8486319500.000	2.751090	8049
59191.665297	8486319500.000	4.514714	8049
59191.665425	8486319500.000	3.408517	8049
59191.665436	8486319500.000	3.816038	8049
59191.665471	8486319500.000	2.545290	8049
59191.665494	8486319500.000	3.556020	8049
59191.665552	8486319500.000	2.718959	8049
59191.665575	8486319500.000	3.023092	8049
59191.665610	8486319400.000	3.053538	8049
59191.665645	8486319500.000	3.023262	8049
59191.665679	8486319400.000	2.389558	8049
59191.665795	8486319400.000	3.073492	8049
59191.665841	8486319400.000	2.803391	8049
59191.665876	8486319400.000	3.037123	8049
59191.665992	8486319300.000	3.170372	8049
59191.666131	8486319300.000	2.762084	8049
59191.666142	8486319300.000	2.766241	8049
59191.666189	8486319300.000	3.353395	8049
59191.666200	8486319300.000	3.721755	8049
59191.666432	8486319200.000	3.546586	8049
59191.666524	8486319100.000	4.160397	8049
59191.666571	8486319000.000	2.445902	8049
59191.666652	8486319000.000	3.042081	8049
59191.666790	8486319000.000	2.268663	8049
59191.666837	8486319000.000	2.595556	8049
59191.667034	8486318900.000	3.978833	8049
59191.667057	8486318900.000	4.043370	8049
59191.667381	8486318700.000	2.659025	8049
59191.667415	8486318700.000	2.824938	8049
59191.667508	8486318600.000	2.678683	8049
59191.667531	8486318600.000	3.640445	8049
59191.667589	8486318500.000	2.437150	8049
59191.667751	8486318500.000	3.195498	8049
59191.667971	8486318300.000	2.747318	8049
59191.668052	8486318200.000	3.609178	8049
59191.668133	8486318200.000	4.571006	8049
59191.668318	8486318100.000	3.764730	8049
59191.668341	8486318000.000	3.760823	8049
59191.668353	8486318000.000	3.323993	8049
59191.668399	8486318000.000	3.697729	8049
59191.668422	8486318000.000	2.653789	8049
59191.668469	8486317900.000	3.050143	8049
59191.668584	8486317900.000	2.433894	8049
59191.668642	8486317800.000	2.908319	8049
59191.668746	8486317700.000	3.554376	8049
59191.668874	8486317500.000	3.175642	8049
59191.669001	8486317500.000	3.131975	8049
59191.669036	8486317400.000	2.769468	8049
59191.669047	8486317400.000	2.677153	8049
59191.669105	8486317400.000	2.578546	8049
59191.669117	8486317300.000	3.114104	8049
59191.669140	8486317300.000	2.419783	8049
59191.669152	8486317300.000	2.715139	8049
59191.669175	8486317300.000	3.251024	8049
59191.669198	8486317300.000	2.411499	8049
59191.669233	8486317300.000	3.564640	8049
59191.669314	8486317100.000	2.559726	8049
59191.669360	8486317100.000	2.542536	8049
59191.669383	8486317100.000	2.882545	8049
59191.669395	8486317000.000	2.714340	8049
59191.669522	8486317000.000	3.118572	8049
59191.669545	8486317000.000	2.860812	8049
59191.669846	8486316600.000	3.318066	8049
59191.669881	8486316600.000	2.851810	8049
59191.670066	8486316400.000	2.474154	8049
59191.670135	8486316300.000	3.002381	8049
59191.670193	8486316200.000	3.781848	8049
59191.670344	8486316000.000	3.151527	8049
59191.670355	8486316000.000	2.115585	8049
59191.670645	8486315700.000	2.778503	8049
59191.670668	8486315600.000	2.232499	8049
59191.670691	8486315600.000	2.602381	8049
59191.670714	8486315600.000	2.766687	8049
59191.670726	8486315600.000	4.481184	8049
59191.670737	8486315500.000	3.330725	8049
59191.670865	8486315400.000	2.733769	8049
59191.670899	8486315400.000	2.384738	8049
59191.670946	8486315300.000	3.885478	8049
59191.671223	8486314900.000	3.475800	8049
59191.671235	8486314900.000	2.933429	8049
59191.671293	8486314900.000	2.865013	8049
59191.671351	8486314800.000	3.939496	8049
59191.671385	8486314700.000	2.714598	8049
59191.671397	8486314700.000	2.458867	8049
59191.671490	8486314600.000	2.773714	8049
59191.671721	8486314300.000	2.889745	8049
59191.671802	8486314100.000	3.380900	8049
59191.671883	8486314100.000	3.369823	8049
59191.671964	8486313900.000	3.116796	8049
59191.671987	8486313900.000	2.829989	8049
59191.671999	8486313800.000	2.625639	8049
59191.672091	8486313700.000	3.873715	8049
59191.672265	8486313500.000	2.322684	8049
59191.672300	8486313400.000	3.166237	8049
59191.672369	8486313300.000	3.003580	8049
59191.672381	8486313300.000	3.034564	8049
59191.672763	8486312600.000	2.908186	8049
59191.672786	8486312600.000	2.476717	8049
59191.672878	8486312500.000	2.539823	8049
59191.672925	8486312400.000	4.138048	8049
59191.672948	8486312400.000	2.730762	8049
59191.673052	8486312200.000	3.294882	8049
59191.673087	8486312100.000	4.304820	8049
59191.673202	8486311900.000	2.204959	8049
59191.673214	8486311900.000	2.476544	8049
59191.673226	8486312000.000	2.603709	8049
59191.673284	8486311800.000	3.699849	8049
59191.673330	8486311700.000	3.299188	8049
59191.673422	8486311600.000	3.127633	8049
59191.673457	8486311500.000	3.708913	8049
59191.673469	8486311500.000	2.703030	8049
59191.673527	8486311400.000	2.746137	8049
59191.673596	8486311300.000	3.260215	8049
59191.673723	8486311100.000	3.489565	8049
59191.673827	8486310900.000	3.049585	8049
59191.674001	8486310500.000	3.029855	8049
59191.674186	8486310200.000	3.380257	8049
59191.674325	8486309900.000	2.177555	8049
59191.674348	8486309900.000	3.601661	8049
59191.674383	8486309800.000	3.183843	8049
59191.674499	8486309600.000	3.570753	8049
59191.674557	8486309500.000	3.698447	8049
59191.674603	8486309400.000	3.562258	8049
59191.674638	8486309300.000	3.012764	8049
59191.674672	8486309300.000	4.856190	8049
59191.674707	8486309200.000	3.560261	8049
59191.674765	8486309100.000	4.377823	8049
59191.674846	8486308900.000	4.186507	8049
59191.675043	8486308500.000	3.859558	8049
59191.675112	8486308400.000	2.686363	8049
59191.675124	8486308400.000	3.868198	8049
59191.675158	8486308300.000	2.415274	8049
59191.675205	8486308200.000	2.779208	8049
59191.675228	8486308100.000	3.714816	8049
59191.675240	8486308100.000	2.626270	8049
59191.675286	8486308000.000	2.547920	8049
59191.675425	8486307700.000	2.499544	8049
59191.675483	8486307700.000	3.628452	8049
59191.675494	8486307600.000	3.793104	8049
59191.675517	8486307600.000	3.981824	8049
59191.675702	8486307200.000	3.430278	8049
59191.675737	8486307100.000	3.120343	8049
59191.675888	8486306800.000	4.586506	8049
59191.675922	8486306700.000	3.394148	8049
59191.675946	8486306700.000	3.025132	8049
59191.676061	8486306400.000	2.933956	8049
59191.676073	8486306400.000	3.069177	8049
59191.676096	8486306400.000	2.106341	8049
59191.676154	8486306200.000	3.118843	8049
59191.676223	8486306100.000	2.400229	8049
59191.676362	8486305800.000	3.440037	8049
59191.676397	8486305700.000	3.783366	8049
59191.676490	8486305500.000	3.444532	8049
59191.676547	8486305400.000	2.231863	8049
59191.676559	8486305400.000	2.800426	8049
59191.676825	8486304700.000	3.482757	8049
59191.677091	8486304300.000	3.239579	8049
59191.677149	8486304000.000	2.190787	8049
59191.677219	8486303900.000	2.575479	8049
59191.677265	8486303700.000	3.615841	8049
59191.677334	8486303600.000	3.290284	8049
59191.677369	8486303600.000	2.508369	8049
59191.677485	8486303300.000	3.491252	8049
59191.677496	8486303200.000	2.388166	8049
59191.677566	8486303100.000	3.955270	8049
59191.677728	8486302700.000	3.776082	8049
59191.677867	8486302300.000	2.327444	8049
59191.677913	8486302200.000	3.025741	8049
59191.678006	8486302000.000	3.683612	8049
59191.678040	8486302000.000	2.141150	8049
59191.678052	8486301900.000	3.691809	8049
59191.678087	8486301800.000	2.679783	8049
59191.678179	8486301600.000	3.528906	8049
59191.678446	8486300900.000	5.291492	8049
59191.678561	8486300600.000	2.586420	8049
59191.678573	8486300700.000	2.925589	8049
59191.678654	8486300400.000	3.301149	8049
59191.678689	8486300300.000	3.161551	8049
59191.678735	8486300200.000	3.634883	8049
59191.678908	8486299800.000	2.299454	8049
59191.678920	8486299700.000	3.342071	8049
59191.678943	8486299700.000	2.627791	8049
59191.679013	8486299500.000	2.851861	8049
59191.679105	8486299300.000	2.762605	8049
59191.679117	8486299100.000	2.261796	8049
59191.679209	8486299000.000	3.610645	8049
59191.679221	8486299000.000	3.813813	8049
59191.679464	8486298400.000	4.121102	8049
59191.679510	8486298300.000	3.040633	8049
59191.679557	8486298000.000	2.428572	8049
59191.679603	8486298000.000	2.049970	8049
59191.679742	8486297500.000	3.213547	8049
59191.679765	8486297600.000	2.578452	8049
59191.679834	8486297400.000	2.473047	8049
59191.679869	8486297300.000	3.211070	8049
59191.679892	8486297300.000	3.247113	8049
59191.679950	8486297100.000	2.365782	8049
59191.680101	8486296700.000	3.531335	8049
59191.680112	8486296700.000	4.814760	8049
59191.680158	8486296600.000	3.116648	8049
59191.680297	8486296300.000	3.796182	8049
59191.680332	8486296100.000	3.163906	8049
59191.680529	8486295600.000	2.650652	8049
59191.680598	8486295400.000	3.288530	8049
59191.680633	8486295300.000	4.230845	8049
59191.680656	8486295300.000	2.861916	8049
59191.680691	8486295100.000	2.293313	8049
59191.680737	8486295100.000	2.629555	8049
59191.680749	8486295000.000	2.364171	8049
59191.680818	8486294800.000	2.282746	8049
59191.680853	8486294700.000	3.623739	8049
59191.680888	8486294600.000	3.814923	8049
59191.681096	8486294100.000	3.023618	8049
59191.681119	8486294000.000	2.286048	8049
59191.681131	8486294000.000	3.066371	8049
59191.681154	8486294200.000	2.553586	8049
59191.681501	8486293100.000	3.278981	8049
59191.681536	8486292900.000	3.444394	8049
59191.681709	8486292400.000	2.554528	8049
59191.681744	8486292300.000	2.953515	8049
59191.681802	8486292100.000	3.216030	8049
59191.682149	8486291200.000	5.048660	8049
59191.682230	8486290900.000	2.380992	8049
59191.682253	8486290900.000	2.836509	8049
59191.682288	8486290700.000	3.141468	8049
59191.682300	8486290800.000	3.687322	8049
59191.682334	8486290600.000	3.408468	8049
59191.682369	8486290600.000	3.570549	8049
59191.682427	8486290200.000	2.331622	8049
59191.682450	8486290300.000	2.298857	8049
59191.682566	8486289900.000	2.879648	8049
59191.682855	8486289100.000	3.906193	8049
59191.682878	8486289100.000	2.270678	8049
59191.682890	8486289000.000	3.038169	8049
59191.682948	8486288900.000	3.333174	8049
59191.683029	8486288700.000	2.142244	8049
59191.683156	8486288300.000	4.042657	8049
59191.683411	8486287600.000	3.050320	8049
59191.683503	8486287300.000	4.271066	8049
59191.683561	8486287100.000	2.797966	8049
59191.683573	8486287200.000	2.116994	8049
59191.683631	8486286900.000	4.702221	8049
59191.683723	8486286700.000	3.404933	8049
59191.683793	8486286400.000	2.941694	8049
59191.683804	8486286400.000	3.085495	8049
59191.683839	8486286300.000	2.236357	8049
59191.683851	8486286300.000	4.570298	8049
59191.684244	8486285200.000	4.272158	8049
59191.684742	8486283700.000	2.824641	8049
59191.684811	8486283600.000	4.247727	8049
59191.684823	8486283500.000	3.769652	8049
59191.684904	8486283200.000	3.281413	8049
59191.684939	8486283100.000	2.543340	8049
59191.684950	8486283100.000	2.916361	8049
59191.684973	8486283000.000	2.402943	8049
59191.685031	8486282900.000	2.942417	8049
59191.685159	8486282500.000	3.073311	8049
59191.685263	8486282100.000	2.811893	8049
59191.685425	8486281700.000	3.217620	8049
59191.685436	8486281600.000	2.459896	8049
59191.685448	8486281600.000	2.830233	8049
59191.685494	8486281400.000	3.790881	8049
59191.685564	8486281300.000	3.286575	8049
59191.685621	8486281100.000	3.199812	8049
59191.685726	8486280900.000	2.590866	8049
59191.686003	8486280000.000	3.197730	8049
59191.686096	8486279600.000	2.809927	8049
59191.686119	8486279600.000	4.332825	8049
59191.686189	8486279400.000	2.859282	8049
59191.686200	8486279400.000	2.623733	8049
59191.686559	8486278300.000	2.467393	8049
59191.686663	8486278000.000	2.787282	8049
59191.686675	8486278000.000	2.513476	8049
59191.686686	8486278000.000	3.018982	8049
59191.686733	8486278000.000	2.804568	8049
59191.686895	8486277400.000	3.846428	8049
59191.687022	8486277000.000	3.425451	8049
59191.687080	8486276800.000	2.833196	8049
59191.687103	8486276700.000	3.026528	8049
59191.687323	8486276100.000	2.431708	8049
59191.687381	8486275900.000	3.373628	8049
59191.687450	8486275600.000	2.715055	8049
59191.687496	8486275500.000	3.207977	8049
59191.687601	8486275200.000	2.156517	8049
59191.687705	8486274900.000	4.511682	8049
59191.687763	8486274700.000	3.535574	8049
59191.687786	8486274700.000	3.099712	8049
59191.687925	8486274300.000	3.328349	8049
59191.687959	8486274100.000	3.761524	8049
59191.688145	8486273600.000	3.225376	8049
59191.688179	8486273600.000	2.846948	8049
59191.688202	8486273400.000	2.422941	8049
59191.688422	8486273000.000	2.407300	8049
59191.688492	8486272400.000	2.786196	8049
59191.688503	8486272500.000	2.714866	8049
59191.688561	8486272300.000	2.433424	8049
59191.688584	8486272300.000	4.439549	8049
59191.688689	8486272000.000	2.667096	8049
59191.688839	8486271600.000	2.651319	8049
59191.688885	8486271400.000	3.869528	8049
59191.688897	8486271400.000	2.457535	8049
59191.688920	8486271400.000	2.544677	8049
59191.688990	8486271100.000	2.413383	8049
59191.689013	8486271000.000	2.607595	8049
59191.689117	8486270800.000	2.955136	8049
59191.689152	8486270600.000	3.035901	8049
59191.689221	8486270400.000	2.531968	8049
59191.689267	8486270300.000	3.349457	8049
59191.689302	8486270100.000	2.176686	8049
59191.689591	8486269400.000	2.676842	8049
59191.689603	8486269300.000	2.479481	8049
59191.689649	8486269200.000	4.651242	8049
59191.689707	8486269000.000	4.251059	8049
59191.689927	8486268400.000	3.399400	8049
59191.689985	8486268100.000	3.724442	8049
59191.690089	8486268000.000	2.706080	8049
59191.690205	8486267400.000	2.130835	8049
59191.690332	8486267200.000	3.523099	8049
59191.690529	8486266400.000	4.053970	8049
59191.690598	8486266100.000	2.667713	8049
59191.690795	8486265600.000	2.521667	8049
59191.690865	8486265300.000	2.270174	8049
59191.691108	8486264900.000	3.460735	8049
59191.691119	8486264900.000	5.497896	8049
59191.691200	8486264700.000	3.712357	8049
59191.691235	8486264600.000	3.605962	8049
59191.691362	8486264200.000	3.951704	8049
59191.691628	8486263800.000	3.032091	8049
59191.691825	8486263000.000	3.140461	8049
59191.691837	8486262900.000	2.821780	8049
59191.691895	8486262700.000	2.456568	8049
59191.691987	8486262500.000	2.534033	8049
59191.692149	8486261900.000	2.997046	8049
59191.692196	8486262000.000	2.214851	8049
59191.692219	8486261900.000	2.760048	8049
59191.692253	8486261700.000	3.782742	8049
59191.692334	8486261500.000	2.896347	8049
59191.692450	8486261100.000	2.953321	8049
59191.692462	8486261200.000	2.858608	8049
59191.692716	8486260600.000	3.138898	8049
59191.692774	8486260500.000	2.264770	8049
59191.692855	8486260100.000	2.127500	8049
59191.692902	8486259900.000	2.516114	8049
59191.693017	8486259600.000	3.105979	8049
59191.693087	8486259500.000	2.351563	8049
59191.693098	8486259400.000	3.696769	8049
59191.693260	8486258800.000	3.589598	8049
59191.693295	8486258900.000	2.626478	8049
59191.693318	8486258800.000	2.961558	8049
59191.693341	8486258700.000	2.501663	8049
59191.693411	8486258600.000	2.784364	8049
59191.693422	8486258500.000	2.595822	8049
59191.693492	8486258300.000	2.795287	8049
59191.693642	8486258000.000	3.825943	8049
59191.693746	8486257700.000	3.308032	8049
59191.693793	8486257500.000	2.912900	8049
59191.693943	8486257100.000	4.166094	8049
59191.693990	8486257000.000	4.370337	8049
59191.694128	8486256700.000	2.538108	8049
59191.694175	8486256500.000	3.143183	8049
59191.694383	8486256000.000	2.435938	8049
59191.694395	8486256000.000	2.942119	8049
59191.694545	8486255500.000	2.706651	8049
59191.694603	8486255400.000	2.611038	8049
59191.694696	8486255000.000	3.014759	8049
59191.694742	8486255100.000	2.408334	8049
59191.694777	8486255000.000	4.050167	8049
59191.694846	8486254800.000	3.542793	8049
59191.694858	8486254600.000	2.293764	8049
59191.695089	8486254200.000	2.423437	8049
59191.695124	8486254100.000	3.674325	8049
59191.695182	8486253900.000	2.201015	8049
59191.695205	8486253800.000	3.197892	8049
59191.695355	8486253400.000	2.582846	8049
59191.695378	8486253500.000	3.172045	8049
59191.695402	8486253400.000	2.514871	8049
59191.695459	8486253300.000	2.275586	8049
59191.695540	8486253000.000	2.250823	8049
59191.695564	8486253000.000	3.693160	8049
59191.695633	8486252800.000	2.832401	8049
59191.695645	8486252800.000	3.835819	8049
59191.695668	8486252500.000	2.691067	8049
59191.695702	8486252700.000	2.686059	8049
59191.695714	8486252600.000	3.184972	8049
59191.695726	8486252600.000	3.470584	8049
59191.695772	8486252400.000	2.299422	8049
59191.695795	8486252500.000	3.110893	8049
59191.695807	8486252400.000	3.733238	8049
59191.695888	8486252200.000	2.636622	8049
59191.695934	8486252100.000	2.818973	8049
59191.695957	8486252000.000	3.846602	8049
59191.696038	8486252000.000	3.993992	8049
59191.696131	8486251600.000	2.975153	8049
59191.696351	8486251100.000	3.579574	8049
59191.696385	8486251100.000	2.311888	8049
59191.696432	8486250900.000	3.590655	8049
59191.696443	8486250900.000	2.927910	8049
59191.696536	8486250700.000	2.752556	8049
59191.696605	8486250500.000	3.512868	8049
59191.696779	8486250100.000	4.073717	8049
59191.697068	8486249300.000	2.952083	8049
59191.697300	8486248900.000	2.636548	8049
59191.697323	8486248800.000	3.379409	8049
59191.697358	8486248700.000	2.777637	8049
59191.697369	8486248900.000	2.911965	8049
59191.697450	8486248500.000	2.561863	8049
59191.697496	8486248500.000	2.888828	8049
59191.697554	8486248300.000	2.214688	8049
59191.697670	8486247900.000	2.498953	8049
59191.697832	8486247700.000	2.875955	8049
59191.697890	8486247600.000	3.545303	8049
59191.697936	8486247500.000	2.734110	8049
59191.697971	8486247400.000	2.880955	8049
59191.698284	8486246700.000	2.417053	8049
59191.698307	8486246700.000	2.374381	8049
59191.698341	8486246600.000	2.647508	8049
59191.698365	8486246500.000	2.418337	8049
59191.698422	8486246400.000	3.267053	8049
59191.698480	8486246400.000	3.066534	8049
59191.698492	8486246300.000	2.275969	8049
59191.698538	8486246200.000	2.251713	8049
59191.698573	8486246100.000	3.054341	8049
59191.698619	8486246000.000	2.830477	8049
59191.698642	8486246000.000	3.200071	8049
59191.698654	8486245900.000	2.584856	8049
59191.698723	8486245800.000	3.540476	8049
59191.698839	8486245600.000	2.426669	8049
59191.698978	8486245300.000	3.765918	8049
59191.699059	8486245200.000	2.587911	8049
59191.699071	8486245100.000	5.089804	8049
59191.699082	8486245100.000	3.007052	8049
59191.699221	8486244800.000	3.092068	8049
59191.699244	8486244800.000	3.469963	8049
59191.699267	8486244700.000	2.655711	8049
59191.699337	8486244600.000	2.687144	8049
59191.699429	8486244400.000	3.339803	8049
59191.699568	8486244100.000	3.820637	8049
59191.699580	8486244100.000	3.372445	8049
59191.699649	8486244000.000	3.059161	8049
59191.699661	8486244000.000	3.787582	8049
59191.699777	8486243700.000	3.535360	8049
59191.699811	8486243700.000	4.285050	8049
59191.699823	8486243600.000	3.366066	8049
59191.699858	8486243600.000	4.140355	8049
59191.700008	8486243300.000	2.473516	8049
59191.700031	8486243300.000	3.360753	8049
59191.700043	8486243300.000	3.078707	8049
59191.700066	8486243200.000	3.726538	8049
59191.700089	8486243200.000	2.928691	8049
59191.700159	8486243000.000	2.223055	8049
59191.700193	8486243000.000	2.444207	8049
59191.700297	8486242800.000	2.605242	8049
59191.700321	8486242800.000	3.263297	8049
59191.700344	8486242700.000	2.957180	8049
59191.700390	8486242600.000	4.119302	8049
59191.700413	8486242600.000	3.817545	8049
59191.700471	8486242500.000	2.845730	8049
59191.700506	8486242400.000	5.156125	8049
59191.700633	8486242200.000	2.727936	8049
59191.700726	8486242100.000	3.509628	8049
59191.700818	8486241900.000	2.301437	8049
59191.700853	8486241800.000	4.593138	8049
59191.701015	8486241600.000	2.535695	8049
59191.701027	8486241500.000	4.282705	8049
59191.701131	8486241300.000	4.048666	8049
59191.701177	8486241200.000	4.146114	8049
59191.701200	8486241200.000	4.240290	8049
59191.701223	8486241200.000	2.772679	8049
59191.701235	8486241200.000	5.149274	8049
59191.701270	8486241100.000	2.482466	8049
59191.701466	8486240800.000	2.502007	8049
59191.701663	8486240500.000	2.508251	8049
59191.701721	8486240400.000	2.698324	8049
59191.701790	8486240200.000	2.234103	8049
59191.701848	8486240200.000	3.549775	8049
59191.701895	8486240100.000	2.857057	8049
59191.701929	8486240100.000	2.863751	8049
59191.702033	8486239900.000	4.468410	8049
59191.702080	8486239800.000	3.465670	8049
59191.702207	8486239600.000	3.121885	8049
59191.702242	8486239600.000	3.258882	8049
59191.702300	8486239500.000	2.579327	8049
59191.702323	8486239500.000	5.061701	8049
59191.702358	8486239400.000	4.082366	8049
59191.702369	8486239400.000	2.778826	8049
59191.702392	8486239400.000	3.670119	8049
59191.702566	8486239100.000	2.795573	8049
59191.702647	8486239000.000	2.900035	8049
59191.702716	8486238900.000	2.543676	8049
59191.702728	8486238900.000	2.673656	8049
59191.702797	8486238800.000	3.724497	8049
59191.702809	8486238800.000	3.615801	8049
59191.703040	8486238500.000	2.798308	8049
59191.703087	8486238400.000	3.397442	8049
59191.703110	8486238400.000	3.256812	8049
59191.703237	8486238300.000	3.147252	8049
59191.703249	8486238200.000	2.581867	8049
59191.703260	8486238200.000	3.022611	8049
59191.703318	8486238100.000	3.628650	8049
59191.703376	8486238000.000	2.939191	8049
59191.703422	8486238000.000	3.469493	8049
59191.703457	8486237900.000	2.782578	8049
59191.703503	8486237900.000	2.868054	8049
59191.703515	8486237900.000	2.437572	8049
59191.703550	8486237800.000	3.251803	8049
59191.703561	8486237800.000	4.096158	8049
59191.703584	8486237800.000	3.069762	8049
59191.703596	8486237900.000	2.991984	8049
59191.703642	8486237700.000	4.802102	8049
59191.703677	8486237700.000	2.740532	8049
59191.703712	8486237700.000	2.434885	8049
59191.703723	8486237600.000	2.410653	8049
59191.703851	8486237500.000	2.916903	8049
59191.703978	8486237300.000	2.701950	8049
59191.704013	8486237300.000	3.624382	8049
59191.704082	8486237200.000	2.785195	8049
59191.704163	8486237100.000	2.736856	8049
59191.704221	8486237000.000	3.828895	8049
59191.704290	8486237000.000	3.801304	8049
59191.704522	8486236700.000	3.547078	8049
59191.704730	8486236500.000	3.037467	8049
59191.704823	8486236400.000	3.190103	8049
59191.704846	8486236400.000	2.294963	8049
59191.704950	8486236300.000	4.626789	8049
59191.705020	8486236200.000	4.100306	8049
59191.705054	8486236200.000	4.293046	8049
59191.705263	8486236000.000	3.452180	8049
59191.705517	8486235800.000	3.123612	8049
59191.705633	8486235700.000	2.102321	8049
59191.705656	8486235700.000	3.966748	8049
59191.705679	8486235600.000	3.084525	8049
59191.705726	8486235600.000	3.375708	8049
59191.705737	8486235600.000	3.735685	8049
59191.705772	8486235600.000	4.048213	8049
59191.705783	8486235600.000	2.873311	8049
59191.705807	8486235600.000	2.734727	8049
59191.705818	8486235600.000	3.531972	8049
59191.705876	8486235500.000	3.238592	8049
59191.705911	8486235500.000	3.800524	8049
59191.705922	8486235500.000	5.075875	8049
59191.705946	8486235500.000	2.806401	8049
59191.705969	8486235400.000	3.000262	8049
59191.705980	8486235400.000	2.984849	8049
59191.705992	8486235400.000	4.710121	8049
59191.706015	8486235400.000	2.840446	8049
59191.706027	8486235400.000	3.971885	8049
59191.706038	8486235400.000	3.231475	8049
59191.706061	8486235400.000	2.947373	8049
59191.706073	8486235400.000	3.287432	8049
59191.706096	8486235400.000	5.072785	8049
59191.706108	8486235400.000	2.371024	8049
59191.706119	8486235300.000	2.744789	8049
59191.706131	8486235300.000	3.746093	8049
59191.706154	8486235300.000	2.908970	8049
59191.706189	8486235300.000	4.692582	8049
59191.706212	8486235300.000	2.849222	8049
59191.706223	8486235300.000	3.662321	8049
59191.706235	8486235300.000	4.115372	8049
59191.706270	8486235200.000	2.814179	8049
59191.706293	8486235200.000	2.324756	8049
59191.706304	8486235200.000	2.761751	8049
59191.706362	8486235100.000	2.835031	8049
59191.706409	8486235100.000	3.696671	8049
59191.706420	8486235100.000	5.965053	8049
59191.706455	8486235100.000	2.835831	8049
59191.706466	8486235100.000	3.652836	8049
59191.706478	8486235100.000	4.096642	8049
59191.706547	8486235000.000	3.013645	8049
59191.706582	8486235000.000	3.334493	8049
59191.706663	8486235000.000	3.095527	8049
59191.706733	8486234900.000	3.030245	8049
59191.706756	8486234900.000	2.765162	8049
59191.706779	8486234900.000	3.724149	8049
59191.706790	8486234900.000	2.625468	8049
59191.706848	8486234800.000	2.573539	8049
59191.706871	8486234900.000	3.697466	8049
59191.706929	8486234800.000	3.302445	8049
59191.706952	8486234800.000	4.598230	8049
59191.706976	8486234800.000	3.234133	8049
59191.706987	8486234800.000	6.744575	8049
59191.706999	8486234800.000	5.005785	8049
59191.707068	8486234700.000	3.084234	8049
59191.707091	8486234700.000	2.475476	8049
59191.707103	8486234700.000	4.228752	8049
59191.707126	8486234700.000	3.556541	8049
59191.707138	8486234700.000	3.944901	8049
59191.707149	8486234700.000	3.438283	8049
59191.707161	8486234700.000	4.234051	8049
59191.707172	8486234700.000	3.003976	8049
59191.707196	8486234700.000	4.060804	8049
59191.707242	8486234600.000	2.612214	8049
59191.707311	8486234600.000	2.831858	8049
59191.707346	8486234600.000	2.716562	8049
59191.707381	8486234600.000	2.680309	8049
59191.707450	8486234500.000	2.430140	8049
59191.707508	8486234500.000	3.454257	8049
59191.707531	8486234500.000	2.585993	8049
59191.707566	8486234500.000	4.196732	8049
59191.707577	8486234500.000	5.412062	8049
59191.707589	8486234500.000	3.436557	8049
59191.707601	8486234500.000	3.253517	8049
59191.707624	8486234500.000	4.005751	8049
59191.707647	8486234400.000	2.993064	8049
59191.707670	8486234400.000	2.627565	8049
59191.707751	8486234400.000	3.379474	8049
59191.707786	8486234400.000	3.327153	8049
59191.707809	8486234400.000	3.566839	8049
59191.707844	8486234400.000	4.841800	8049
59191.707867	8486234400.000	4.651173	8049
59191.707902	8486234400.000	3.265529	8049
59191.707913	8486234400.000	2.577235	8049
59191.707936	8486234400.000	2.719921	8049
59191.707948	8486234300.000	3.545725	8049
59191.707959	8486234400.000	2.503984	8049
59191.707983	8486234400.000	3.340364	8049
59191.707994	8486234300.000	3.027055	8049
59191.708006	8486234300.000	4.269331	8049
59191.708017	8486234300.000	3.033549	8049
59191.708040	8486234300.000	3.415694	8049
59191.708052	8486234300.000	3.809661	8049
59191.708087	8486234300.000	5.283559	8049
59191.708098	8486234300.000	2.880883	8049
59191.708110	8486234300.000	4.178588	8049
59191.708121	8486234300.000	2.572426	8049
59191.708156	8486234200.000	2.624461	8049
59191.708179	8486234300.000	4.664393	8049
59191.708191	8486234300.000	2.669740	8049
59191.708226	8486234300.000	2.614658	8049
59191.708249	8486234300.000	4.055364	8049
59191.708260	8486234200.000	2.633060	8049
59191.708307	8486234300.000	2.885746	8049
59191.708318	8486234200.000	4.507833	8049
59191.708341	8486234200.000	3.048385	8049
59191.708365	8486234200.000	6.099493	8049
59191.708388	8486234200.000	6.075017	8049
59191.708399	8486234200.000	2.825268	8049
59191.708411	8486234200.000	4.039054	8049
59191.708503	8486234200.000	3.410892	8049
59191.708538	8486234200.000	3.038942	8049
59191.708608	8486234200.000	3.995401	8049
59191.708619	8486234200.000	2.676237	8049
59191.708654	8486234200.000	3.008473	8049
59191.708712	8486234100.000	4.117706	8049
59191.708746	8486234100.000	3.181006	8049
59191.708758	8486234100.000	3.992110	8049
59191.708781	8486234100.000	3.350609	8049
59191.708793	8486234100.000	4.124644	8049
59191.708839	8486234100.000	3.394943	8049
59191.708851	8486234100.000	3.459147	8049
59191.708862	8486234100.000	2.518359	8049
59191.708874	8486234100.000	3.648559	8049
59191.708885	8486234100.000	2.403732	8049
59191.708897	8486234100.000	3.387105	8049
59191.708908	8486234100.000	2.972525	8049
59191.708966	8486234100.000	2.708622	8049
59191.709071	8486234100.000	2.607556	8049
59191.709082	8486234100.000	4.063296	8049
59191.709094	8486234100.000	3.095490	8049
59191.709128	8486234100.000	3.610009	8049
59191.709140	8486234100.000	4.710345	8049
59191.709152	8486234100.000	2.798516	8049
59191.709186	8486234100.000	2.933317	8049
59191.709221	8486234000.000	2.683345	8049
59191.709244	8486234100.000	3.246318	8049
59191.709279	8486234100.000	3.061962	8049
59191.709290	8486234100.000	3.584599	8049
59191.709302	8486234100.000	2.740985	8049
59191.709325	8486234100.000	4.530125	8049
59191.709348	8486234100.000	3.683997	8049
59191.709418	8486234100.000	3.184012	8049
59191.709487	8486234100.000	2.373467	8049
59191.709522	8486234000.000	3.576927	8049
59191.709545	8486234100.000	3.558436	8049
59191.709557	8486234000.000	2.891919	8049
59191.709615	8486234100.000	2.531475	8049
59191.709638	8486234100.000	3.538818	8049
59191.709672	8486234000.000	3.098017	8049
59191.709719	8486234000.000	2.372629	8049
59191.709730	8486234100.000	2.782107	8049
59191.709777	8486234000.000	3.587998	8049
59191.709800	8486234100.000	3.437443	8049
59191.709834	8486234100.000	2.653179	8049
59191.709869	8486234100.000	3.055141	8049
59191.709892	8486234000.000	3.365514	8049
59191.709915	8486234000.000	2.873819	8049
59191.710054	8486234100.000	6.758863	8049
59191.710089	8486234100.000	3.942425	8049
59191.710101	8486234100.000	4.335571	8049
59191.710124	8486234100.000	2.896117	8049
59191.710135	8486234100.000	3.402558	8049
59191.710170	8486234100.000	2.883445	8049
59191.710228	8486234100.000	2.792220	8049
59191.710240	8486234100.000	3.129369	8049
59191.710263	8486234100.000	6.858284	8049
59191.710332	8486234100.000	3.070993	8049
59191.710355	8486234100.000	4.000104	8049
59191.710367	8486234100.000	3.694330	8049
59191.710402	8486234100.000	3.149535	8049
59191.710413	8486234100.000	3.447426	8049
59191.710425	8486234100.000	5.121841	8049
59191.710483	8486234100.000	2.138006	8049
59191.710506	8486234100.000	3.684659	8049
59191.710517	8486234100.000	5.672259	8049
59191.710540	8486234100.000	3.373586	8049
59191.710564	8486234100.000	3.561643	8049
59191.710575	8486234100.000	2.745524	8049
59191.710633	8486234200.000	3.470290	8049
59191.710656	8486234200.000	3.955621	8049
59191.710691	8486234200.000	4.378571	8049
59191.710702	8486234200.000	3.620167	8049
59191.710749	8486234200.000	3.701417	8049
59191.710760	8486234200.000	4.494335	8049
59191.710772	8486234200.000	4.095100	8049
59191.710784	8486234200.000	3.019077	8049
59191.710795	8486234200.000	4.506961	8049
59191.710818	8486234200.000	5.335274	8049
59191.710830	8486234200.000	3.779406	8049
59191.710865	8486234200.000	3.312163	8049
59191.710888	8486234200.000	5.702524	8049
59191.711015	8486234300.000	3.109469	8049
59191.711038	8486234300.000	3.192765	8049
59191.711084	8486234300.000	4.798665	8049
59191.711108	8486234300.000	2.708846	8049
59191.711119	8486234300.000	2.629167	8049
59191.711131	8486234300.000	3.873670	8049
59191.711154	8486234300.000	3.033436	8049
59191.711165	8486234300.000	3.505422	8049
59191.711189	8486234300.000	3.005432	8049
59191.711235	8486234300.000	3.575219	8049
59191.711246	8486234300.000	4.435472	8049
59191.711258	8486234300.000	3.268004	8049
59191.711293	8486234400.000	2.786327	8049
59191.711397	8486234400.000	3.058903	8049
59191.711409	8486234400.000	4.780849	8049
59191.711420	8486234400.000	2.937109	8049
59191.711432	8486234400.000	4.272184	8049
59191.711443	8486234400.000	3.294447	8049
59191.711455	8486234400.000	3.349435	8049
59191.711490	8486234400.000	2.595347	8049
59191.711501	8486234400.000	2.775073	8049
59191.711513	8486234400.000	2.616767	8049
59191.711582	8486234500.000	3.526827	8049
59191.711594	8486234500.000	5.163597	8049
59191.711617	8486234500.000	3.662780	8049
59191.711628	8486234500.000	2.879247	8049
59191.711640	8486234500.000	3.228017	8049
59191.711686	8486234500.000	4.154325	8049
59191.711698	8486234500.000	2.769372	8049
59191.711709	8486234500.000	4.462419	8049
59191.711721	8486234500.000	3.040280	8049
59191.711733	8486234500.000	2.947681	8049
59191.711744	8486234500.000	3.844142	8049
59191.711767	8486234500.000	3.723233	8049
59191.711825	8486234600.000	3.361273	8049
59191.711848	8486234600.000	2.088682	8049
59191.711860	8486234600.000	3.975032	8049
59191.711871	8486234600.000	2.540565	8049
59191.711883	8486234600.000	4.468054	8049
59191.711895	8486234600.000	2.809740	8049
59191.711906	8486234600.000	4.264852	8049
59191.711918	8486234600.000	2.726630	8049
59191.711929	8486234600.000	4.013922	8049
59191.711941	8486234600.000	4.101511	8049
59191.711999	8486234700.000	3.036964	8049
59191.712033	8486234600.000	2.824323	8049
59191.712045	8486234700.000	3.467196	8049
59191.712057	8486234700.000	2.479455	8049
59191.712080	8486234700.000	3.729212	8049
59191.712115	8486234700.000	4.183261	8049
59191.712138	8486234700.000	2.988596	8049
59191.712184	8486234700.000	3.935754	8049
59191.712196	8486234800.000	2.169708	8049
59191.712277	8486234800.000	2.909086	8049
59191.712288	8486234900.000	2.486075	8049
59191.712334	8486234800.000	3.007390	8049
59191.712346	8486234800.000	2.401866	8049
59191.712358	8486234800.000	3.776795	8049
59191.712415	8486234900.000	3.902200	8049
59191.712427	8486234900.000	3.365753	8049
59191.712462	8486234900.000	4.420422	8049
59191.712473	8486234900.000	4.470939	8049
59191.712496	8486234900.000	2.647332	8049
59191.712520	8486235000.000	2.346119	8049
59191.712531	8486234900.000	4.286702	8049
59191.712624	8486235000.000	3.161917	8049
59191.712659	8486235000.000	3.459247	8049
59191.712670	8486235000.000	4.072363	8049
59191.712682	8486235000.000	4.153148	8049
59191.712716	8486235100.000	2.986774	8049
59191.712751	8486235100.000	2.889112	8049
59191.712763	8486235100.000	2.740907	8049
59191.712774	8486235100.000	3.719339	8049
59191.712786	8486235100.000	3.187712	8049
59191.712809	8486235100.000	2.563486	8049
59191.712832	8486235100.000	3.624610	8049
59191.712913	8486235200.000	2.288448	8049
59191.712925	8486235200.000	3.992285	8049
59191.712971	8486235200.000	3.689996	8049
59191.713006	8486235200.000	2.998476	8049
59191.713029	8486235300.000	2.265980	8049
59191.713040	8486235300.000	2.884319	8049
59191.713052	8486235300.000	2.983353	8049
59191.713075	8486235300.000	5.522354	8049
59191.713087	8486235300.000	3.817388	8049
59191.713098	8486235300.000	2.686143	8049
59191.713110	8486235300.000	4.021878	8049
59191.713133	8486235300.000	3.321684	8049
59191.713202	8486235400.000	3.724346	8049
59191.713226	8486235400.000	3.205685	8049
59191.713237	8486235400.000	2.503699	8049
59191.713272	8486235400.000	3.910294	8049
59191.713283	8486235400.000	3.576076	8049
59191.713307	8486235500.000	2.829609	8049
59191.713341	8486235500.000	3.581045	8049
59191.713353	8486235500.000	3.941152	8049
59191.713365	8486235500.000	2.761781	8049
59191.713399	8486235500.000	5.423195	8049
59191.713411	8486235600.000	2.299165	8049
59191.713422	8486235600.000	3.067897	8049
59191.713434	8486235600.000	3.097643	8049
59191.713469	8486235600.000	4.442544	8049
59191.713480	8486235600.000	2.465525	8049
59191.713492	8486235600.000	4.195201	8049
59191.713503	8486235600.000	3.668973	8049
59191.713527	8486235600.000	3.306034	8049
59191.713550	8486235600.000	4.736414	8049
59191.713573	8486235700.000	4.065706	8049
59191.713584	8486235700.000	3.632850	8049
59191.713631	8486235700.000	4.172513	8049
59191.713642	8486235700.000	3.498697	8049
59191.713677	8486235800.000	2.751185	8049
59191.713700	8486235800.000	2.970774	8049
59191.713712	8486235800.000	4.347367	8049
59191.713746	8486235800.000	2.792646	8049
59191.713758	8486235800.000	2.106542	8049
59191.713781	8486235900.000	2.676800	8049
59191.713816	8486235900.000	3.806128	8049
59191.713851	8486235900.000	3.297267	8049
59191.713862	8486235900.000	3.667235	8049
59191.713874	8486235900.000	2.766519	8049
59191.713920	8486236000.000	3.429620	8049
59191.713943	8486236000.000	2.609588	8049
59191.713955	8486236000.000	3.426466	8049
59191.713966	8486236000.000	3.159029	8049
59191.713978	8486236000.000	3.240562	8049
59191.713990	8486236000.000	3.631707	8049
59191.714001	8486236000.000	2.864630	8049
59191.714082	8486236100.000	3.470132	8049
59191.714094	8486236100.000	3.167853	8049
59191.714128	8486236100.000	2.345178	8049
59191.714209	8486236200.000	3.472255	8049
59191.714233	8486236300.000	2.312042	8049
59191.714256	8486236200.000	5.497680	8049
59191.714279	8486236300.000	5.207767	8049
59191.714302	8486236300.000	4.853069	8049
59191.714314	8486236300.000	3.267698	8049
59191.714325	8486236300.000	2.675723	8049
59191.714395	8486236400.000	2.529920	8049
59191.714418	8486236400.000	3.338687	8049
59191.714429	8486236500.000	4.444023	8049
59191.714452	8486236500.000	4.058923	8049
59191.714464	8486236500.000	3.759416	8049
59191.714476	8486236500.000	3.820987	8049
59191.714487	8486236500.000	3.474327	8049
59191.714510	8486236500.000	3.645350	8049
59191.714522	8486236500.000	4.844154	8049
59191.714533	8486236600.000	2.745672	8049
59191.714545	8486236600.000	4.039675	8049
59191.714557	8486236500.000	4.341989	8049
59191.714568	8486236600.000	5.175960	8049
59191.714603	8486236600.000	4.109896	8049
59191.714615	8486236600.000	3.212639	8049
59191.714638	8486236700.000	4.050976	8049
59191.714672	8486236700.000	3.542956	8049
59191.714719	8486236700.000	4.326907	8049
59191.714742	8486236800.000	3.414553	8049
59191.714765	8486236800.000	3.173007	8049
59191.714777	8486236800.000	3.046141	8049
59191.714788	8486236800.000	2.949883	8049
59191.714800	8486236800.000	4.154661	8049
59191.714811	8486236800.000	3.717104	8049
59191.714858	8486236900.000	2.689265	8049
59191.714869	8486236900.000	3.942027	8049
59191.714881	8486236900.000	4.198009	8049
59191.714892	8486236900.000	4.084736	8049
59191.714904	8486236900.000	3.765581	8049
59191.714939	8486237000.000	2.605562	8049
59191.714950	8486237000.000	2.973855	8049
59191.714962	8486237000.000	3.571926	8049
59191.714973	8486237000.000	3.354213	8049
59191.715008	8486237000.000	3.791665	8049
59191.715066	8486237100.000	3.704374	8049
59191.715077	8486237100.000	4.178745	8049
59191.715147	8486237200.000	2.680005	8049
59191.715170	8486237200.000	4.828783	8049
59191.715216	8486237300.000	3.414033	8049
59191.715228	8486237300.000	3.836029	8049
59191.715263	8486237300.000	3.836654	8049
59191.715344	8486237400.000	2.822027	8049
59191.715367	8486237400.000	3.377104	8049
59191.715390	8486237500.000	2.963692	8049
59191.715402	8486237500.000	3.835966	8049
59191.715413	8486237500.000	3.607110	8049
59191.715471	8486237500.000	2.999369	8049
59191.715483	8486237600.000	3.241549	8049
59191.715494	8486237600.000	4.482895	8049
59191.715506	8486237600.000	2.644066	8049
59191.715564	8486237700.000	2.735816	8049
59191.715575	8486237700.000	2.881165	8049
59191.715587	8486237700.000	4.958615	8049
59191.715610	8486237700.000	5.068632	8049
59191.715621	8486237700.000	2.481750	8049
59191.715668	8486237800.000	2.571288	8049
59191.715691	8486237800.000	4.264633	8049
59191.715714	8486237900.000	3.256900	8049
59191.715726	8486237800.000	2.454638	8049
59191.715772	8486237900.000	2.344205	8049
59191.715795	8486238000.000	2.623507	8049
59191.715807	8486238000.000	3.320073	8049
59191.715818	8486238000.000	3.805558	8049
59191.715865	8486238000.000	2.940291	8049
59191.715876	8486238000.000	3.353977	8049
59191.716027	8486238200.000	3.385843	8049
59191.716061	8486238300.000	3.079164	8049
59191.716084	8486238300.000	3.326213	8049
59191.716096	8486238300.000	3.099858	8049
59191.716165	8486238400.000	2.951554	8049
59191.716177	8486238400.000	3.289825	8049
59191.716212	8486238500.000	3.176723	8049
59191.716235	8486238500.000	3.031939	8049
59191.716258	8486238500.000	2.718909	8049
59191.716281	8486238600.000	2.161859	8049
59191.716304	8486238600.000	3.544009	8049
59191.716316	8486238600.000	2.416706	8049
59191.716339	8486238700.000	2.716095	8049
59191.716351	8486238700.000	2.475291	8049
59191.716374	8486238700.000	2.958174	8049
59191.716385	8486238700.000	3.105607	8049
59191.716397	8486238700.000	2.612299	8049
59191.716408	8486238700.000	4.637672	8049
59191.716432	8486238800.000	2.987621	8049
